2 0.48203125 0.3368055555555556 0.0875 0.16527777777777777
2 0.7 0.30694444444444446 0.0609375 0.1388888888888889
1 0.48125 0.22152777777777777 0.053125 0.08472222222222223
1 0.608203125 0.4111111111111111 0.06796875 0.11944444444444445
1 0.697265625 0.20208333333333334 0.03984375 0.09861111111111111
1 0.028515625 0.5701388888888889 0.05234375 0.10972222222222222
3 0.054296875 0.6395833333333333 0.05859375 0.15138888888888888
3 0.846484375 0.3715277777777778 0.03671875 0.0625
3 0.88828125 0.3645833333333333 0.0203125 0.059722222222222225
1 0.84609375 0.3368055555555556 0.0171875 0.029166666666666667
1 0.88671875 0.325 0.021875 0.041666666666666664
