2 0.23119212962962962 0.7193287037037037 0.11091820987654322 0.2829861111111111
2 0.3136574074074074 0.6734664351851852 0.08564814814814815 0.2786458333333333
2 0.3976658950617284 0.6727430555555556 0.11631944444444445 0.26273148148148145
0 0.33449074074074076 0.5034722222222222 0.06712962962962964 0.07581018518518519
2 0.7669753086419753 0.6519097222222222 0.10069444444444445 0.21643518518518517
2 0.39072145061728397 0.15726273148148148 0.07889660493827161 0.1519097222222222
0 0.6261574074074074 0.5096932870370371 0.046296296296296294 0.04195601851851852
0 0.6626157407407407 0.5350115740740741 0.03819444444444445 0.046875
0 0.5936535493827161 0.5251736111111112 0.04070216049382716 0.03819444444444445
1 0.23890817901234568 0.5190972222222222 0.07195216049382716 0.1261574074074074
1 0.4165702160493827 0.4943576388888889 0.06963734567901235 0.12355324074074074
1 0.7895447530864198 0.5127314814814815 0.058256172839506175 0.10127314814814815
1 0.3591820987654321 0.06264467592592593 0.05555555555555555 0.08130787037037036
