2 0.3984375 0.5 0.1640625 0.4083333333333333
2 0.680078125 0.42986111111111114 0.12109375 0.3597222222222222
1 0.40078125 0.23680555555555555 0.0984375 0.26805555555555555
1 0.64140625 0.19652777777777777 0.0984375 0.22083333333333333
1 0.5515625 0.7020833333333333 0.103125 0.1986111111111111
3 0.623828125 0.8708333333333333 0.17578125 0.25833333333333336
1 0.199609375 0.5388888888888889 0.06171875 0.12777777777777777
3 0.180078125 0.6416666666666667 0.06796875 0.19166666666666668
3 0.11953125 0.75 0.065625 0.18611111111111112
1 0.127734375 0.6291666666666667 0.05078125 0.1
