0 0.2852 0.38266666666666665 0.064 0.0944
0 0.3146 0.3058666666666667 0.0684 0.1008
0 0.4254 0.3312 0.0764 0.10453333333333334
0 0.5006 0.3818666666666667 0.0868 0.1056
0 0.605 0.312 0.0668 0.10666666666666667
0 0.6538 0.39626666666666666 0.07 0.11733333333333333
0 0.769 0.3312 0.0748 0.10666666666666667
0 0.8702 0.36133333333333334 0.082 0.12
2 0.2772 0.5269333333333334 0.192 0.21653333333333333
2 0.5056 0.5744 0.1496 0.2517333333333333
2 0.6568 0.5546666666666666 0.1688 0.22933333333333333
2 0.7708 0.4709333333333333 0.1168 0.20053333333333334
2 0.8852 0.5333333333333333 0.1648 0.2869333333333333
2 0.4292 0.4864 0.1224 0.21653333333333333
2 0.5878 0.4632 0.1052 0.2032
