3 0.35390625 0.6765625 0.1921875 0.26875
3 0.66640625 0.7078125 0.1796875 0.25
3 0.496875 0.659375 0.134375 0.26875
3 0.84765625 0.55859375 0.1390625 0.1890625
3 0.95390625 0.5171875 0.0921875 0.15
1 0.359375 0.50078125 0.121875 0.1828125
1 0.50234375 0.4703125 0.1015625 0.190625
1 0.64375 0.50703125 0.121875 0.2015625
1 0.953125 0.403125 0.071875 0.128125
1 0.8546875 0.42109375 0.084375 0.1390625
1 0.54453125 0.378125 0.0859375 0.14375
1 0.4328125 0.36796875 0.0875 0.1546875
1 0.796875 0.315625 0.1 0.140625
1 0.86328125 0.34453125 0.0671875 0.1171875
