3 0.08203125 0.6 0.1609375 0.40625
3 0.23359375 0.5734375 0.1640625 0.325
3 0.36328125 0.56640625 0.1203125 0.3078125
3 0.4484375 0.51171875 0.078125 0.2859375
3 0.54765625 0.53046875 0.1203125 0.2703125
3 0.7140625 0.60234375 0.11875 0.3046875
3 0.9171875 0.57265625 0.165625 0.4359375
0 0.078125 0.31484375 0.153125 0.2546875
0 0.20703125 0.346875 0.1390625 0.228125
0 0.36640625 0.35625 0.1234375 0.2
0 0.43828125 0.3421875 0.0796875 0.165625
0 0.54921875 0.34609375 0.1140625 0.1671875
0 0.7140625 0.39921875 0.11875 0.1828125
0 0.91171875 0.28828125 0.1765625 0.3203125
