0 0.16845703125 0.30808823529411766 0.0537109375 0.08676470588235294
0 0.4111328125 0.2823529411764706 0.04296875 0.07941176470588235
0 0.83203125 0.36323529411764705 0.0859375 0.1411764705882353
0 0.6083984375 0.34852941176470587 0.03515625 0.061764705882352944
0 0.673828125 0.3514705882352941 0.02734375 0.05588235294117647
0 0.52978515625 0.3558823529411765 0.0126953125 0.014705882352941176
2 0.13818359375 0.4102941176470588 0.0712890625 0.1676470588235294
2 0.4052734375 0.3897058823529412 0.076171875 0.16470588235294117
2 0.87109375 0.5360294117647059 0.119140625 0.27205882352941174
2 0.52783203125 0.3889705882352941 0.0263671875 0.045588235294117645
2 0.6083984375 0.42058823529411765 0.056640625 0.10588235294117647
