0 0.9 0.25078125 0.2 0.1984375
0 0.79140625 0.27734375 0.1578125 0.1734375
0 0.67578125 0.16875 0.0703125 0.075
0 0.32890625 0.3625 0.1828125 0.171875
0 0.2921875 0.1609375 0.11875 0.115625
0 0.32890625 0.1375 0.0796875 0.1
0 0.38203125 0.159375 0.0546875 0.0625
0 0.57734375 0.19375 0.0578125 0.071875
3 0.9421875 0.45390625 0.115625 0.3265625
3 0.78828125 0.4375 0.1984375 0.215625
3 0.16953125 0.44453125 0.2484375 0.2328125
3 0.27578125 0.26328125 0.1671875 0.1578125
3 0.67734375 0.25390625 0.0890625 0.1234375
3 0.57421875 0.24921875 0.0734375 0.0859375
