0 0.06796875 0.41484375 0.1328125 0.2140625
0 0.1734375 0.45625 0.1125 0.16875
0 0.246875 0.4765625 0.084375 0.140625
0 0.3328125 0.46640625 0.090625 0.1578125
0 0.46171875 0.47265625 0.0796875 0.1671875
0 0.57421875 0.46640625 0.0640625 0.1265625
0 0.65859375 0.4515625 0.0765625 0.125
0 0.7375 0.4484375 0.071875 0.140625
0 0.7890625 0.47578125 0.08125 0.1484375
0 0.9203125 0.4015625 0.153125 0.25625
3 0.05078125 0.65546875 0.0984375 0.3296875
3 0.16328125 0.61015625 0.0984375 0.2109375
3 0.24296875 0.6171875 0.0703125 0.178125
3 0.33515625 0.58515625 0.0859375 0.1640625
3 0.46640625 0.5875 0.1015625 0.175
3 0.5765625 0.56484375 0.084375 0.1328125
3 0.66328125 0.56171875 0.0921875 0.1515625
3 0.74609375 0.58125 0.0796875 0.165625
3 0.8046875 0.61484375 0.09375 0.1921875
3 0.9234375 0.740625 0.153125 0.51875
