0 0.46015625 0.465625 0.0671875 0.08125
0 0.55234375 0.4921875 0.0609375 0.09375
3 0.33984375 0.57421875 0.0796875 0.1671875
3 0.45390625 0.56953125 0.0765625 0.1609375
3 0.55625 0.57734375 0.06875 0.1234375
3 0.653125 0.5484375 0.059375 0.11875
3 0.23125 0.57734375 0.065625 0.1453125
1 0.246875 0.4875 0.046875 0.075
1 0.30625 0.48046875 0.046875 0.0734375
1 0.35859375 0.47265625 0.0671875 0.0921875
1 0.6421875 0.4625 0.06875 0.103125
3 0.73671875 0.55546875 0.0515625 0.0953125
3 0.9125 0.56796875 0.046875 0.0921875
1 0.90234375 0.49453125 0.0484375 0.0734375
1 0.7296875 0.49375 0.040625 0.0625
