3 0.93515625 0.67734375 0.1296875 0.2921875
1 0.9453125 0.46328125 0.109375 0.1765625
3 0.63671875 0.4484375 0.0890625 0.11875
3 0.55390625 0.50546875 0.1046875 0.1484375
3 0.46640625 0.50546875 0.0859375 0.1796875
3 0.33203125 0.48046875 0.1109375 0.1609375
3 0.240625 0.53203125 0.109375 0.1484375
3 0.15703125 0.4671875 0.0953125 0.14375
3 0.0515625 0.51484375 0.1 0.1828125
0 0.0390625 0.40078125 0.075 0.1234375
1 0.15625 0.37578125 0.0875 0.1046875
1 0.32578125 0.38984375 0.0703125 0.1203125
1 0.5515625 0.40078125 0.059375 0.1296875
