2 0.469921875 0.33611111111111114 0.07109375 0.15555555555555556
2 0.689453125 0.30416666666666664 0.06171875 0.12777777777777777
1 0.0171875 0.5458333333333333 0.0328125 0.06944444444444445
3 0.0421875 0.6097222222222223 0.0484375 0.125
1 0.4703125 0.22152777777777777 0.034375 0.0625
1 0.68828125 0.2048611111111111 0.034375 0.06805555555555555
1 0.597265625 0.40208333333333335 0.05234375 0.08194444444444444
1 0.478125 0.48541666666666666 0.0515625 0.08194444444444444
3 0.46171875 0.5534722222222223 0.0640625 0.0875
3 0.61875 0.4798611111111111 0.065625 0.10694444444444444
