3 0.12265625 0.6296875 0.2421875 0.421875
3 0.31015625 0.58828125 0.1453125 0.3453125
3 0.4359375 0.5640625 0.1875 0.346875
3 0.58046875 0.56796875 0.1609375 0.2984375
3 0.871875 0.6984375 0.25625 0.603125
3 0.7578125 0.5359375 0.146875 0.271875
1 0.90625 0.35 0.1875 0.271875
1 0.771875 0.375 0.109375 0.196875
1 0.65703125 0.39375 0.0828125 0.146875
1 0.57265625 0.3765625 0.0890625 0.165625
1 0.48359375 0.346875 0.1484375 0.246875
1 0.31796875 0.38203125 0.1453125 0.2265625
1 0.18359375 0.346875 0.1703125 0.275
1 0.0640625 0.32265625 0.125 0.2515625
