0 0.28359375 0.525 0.1640625 0.25
0 0.36796875 0.40390625 0.1140625 0.1734375
0 0.1796875 0.26796875 0.090625 0.1453125
0 0.60703125 0.24140625 0.0578125 0.0953125
0 0.546875 0.2703125 0.053125 0.103125
0 0.51484375 0.26953125 0.0515625 0.0953125
1 0.43828125 0.2546875 0.0828125 0.14375
1 0.84453125 0.15703125 0.1484375 0.2265625
1 0.71328125 0.19453125 0.0921875 0.1484375
3 0.8609375 0.41328125 0.15625 0.3734375
3 0.73671875 0.3578125 0.0953125 0.253125
3 0.275 0.715625 0.146875 0.2875
3 0.17421875 0.4484375 0.0953125 0.25
