3 0.76328125 0.4953125 0.0921875 0.153125
3 0.7046875 0.50546875 0.059375 0.1546875
3 0.45078125 0.51328125 0.0921875 0.2015625
3 0.11796875 0.54921875 0.1046875 0.1703125
3 0.29921875 0.4984375 0.0453125 0.134375
3 0.38984375 0.51484375 0.0578125 0.1078125
3 0.253125 0.503125 0.053125 0.134375
0 0.75390625 0.39140625 0.0640625 0.1046875
0 0.7015625 0.40859375 0.0625 0.0890625
0 0.471875 0.396875 0.075 0.10625
0 0.13125 0.45078125 0.059375 0.0984375
0 0.3140625 0.4109375 0.04375 0.078125
0 0.38359375 0.44375 0.0453125 0.0625
0 0.2671875 0.41953125 0.046875 0.0765625
