0 0.8359375 0.49453125 0.08125 0.1140625
0 0.1609375 0.39765625 0.084375 0.1421875
0 0.3234375 0.4921875 0.0375 0.06875
0 0.371875 0.4328125 0.05 0.09375
0 0.40703125 0.45703125 0.0515625 0.0671875
0 0.4984375 0.4171875 0.059375 0.084375
0 0.4984375 0.5 0.059375 0.059375
0 0.571875 0.43671875 0.046875 0.0828125
0 0.5921875 0.40546875 0.03125 0.0609375
0 0.64296875 0.4140625 0.0453125 0.06875
3 0.84296875 0.61875 0.0828125 0.16875
3 0.58984375 0.51640625 0.0515625 0.1296875
3 0.64375 0.4796875 0.05 0.096875
3 0.35625 0.52421875 0.05 0.1328125
3 0.15625 0.57109375 0.134375 0.2421875
3 0.45234375 0.5296875 0.0671875 0.10625
3 0.31328125 0.5703125 0.0453125 0.10625
