3 0.85703125 0.78828125 0.2859375 0.4234375
3 0.584375 0.7265625 0.14375 0.221875
3 0.16015625 0.40234375 0.1640625 0.3828125
3 0.2984375 0.51640625 0.1125 0.3078125
3 0.38046875 0.446875 0.1078125 0.2375
3 0.490625 0.47265625 0.121875 0.2296875
3 0.625 0.453125 0.134375 0.225
0 0.215625 0.190625 0.1125 0.228125
0 0.28515625 0.296875 0.0890625 0.16875
0 0.728125 0.5578125 0.1625 0.253125
0 0.5875 0.58359375 0.090625 0.1953125
0 0.38125 0.2875 0.084375 0.140625
0 0.47421875 0.30625 0.0734375 0.121875
0 0.53125 0.34140625 0.053125 0.1078125
0 0.60859375 0.31015625 0.0828125 0.1734375
0 0.71875 0.15625 0.1 0.15625
