3 0.73515625 0.63046875 0.1046875 0.2390625
3 0.48671875 0.59921875 0.0890625 0.1859375
3 0.55859375 0.5796875 0.0671875 0.1625
3 0.32265625 0.571875 0.0984375 0.18125
3 0.2359375 0.59140625 0.075 0.1953125
3 0.03125 0.55703125 0.059375 0.1734375
1 0.04140625 0.45625 0.0734375 0.090625
1 0.7296875 0.46953125 0.096875 0.1109375
1 0.5515625 0.4734375 0.06875 0.0875
1 0.26015625 0.48125 0.0796875 0.109375
1 0.48203125 0.48203125 0.0578125 0.0890625
1 0.34375 0.4515625 0.065625 0.09375
1 0.3890625 0.47265625 0.05625 0.0921875
