3 0.13984375 0.66015625 0.1140625 0.2421875
3 0.3046875 0.61484375 0.065625 0.1109375
3 0.36796875 0.63125 0.0828125 0.140625
3 0.478125 0.62734375 0.084375 0.1640625
3 0.5734375 0.65546875 0.075 0.1640625
3 0.6484375 0.65703125 0.065625 0.1484375
3 0.74140625 0.5890625 0.0453125 0.10625
3 0.8046875 0.634375 0.084375 0.15
3 0.85703125 0.6265625 0.0484375 0.15
3 0.96796875 0.62734375 0.0640625 0.1671875
3 0.91796875 0.621875 0.0421875 0.1375
1 0.1671875 0.51328125 0.059375 0.1140625
1 0.3703125 0.5328125 0.0625 0.071875
1 0.48828125 0.509375 0.0609375 0.09375
1 0.4484375 0.51953125 0.053125 0.0765625
1 0.5765625 0.5421875 0.059375 0.0875
1 0.73984375 0.515625 0.0390625 0.059375
1 0.95703125 0.5234375 0.0609375 0.1
1 0.8015625 0.53359375 0.05625 0.0890625
1 0.84609375 0.53671875 0.0421875 0.0796875
