3 0.86640625 0.48828125 0.1203125 0.2078125
3 0.7046875 0.44609375 0.1125 0.2046875
3 0.51796875 0.4671875 0.1171875 0.259375
3 0.32421875 0.47734375 0.1109375 0.2234375
3 0.11953125 0.4125 0.0984375 0.234375
3 0.20703125 0.41015625 0.0796875 0.1859375
1 0.10546875 0.24140625 0.1015625 0.1328125
1 0.19765625 0.2859375 0.0828125 0.125
1 0.3109375 0.3125 0.103125 0.153125
1 0.4453125 0.28515625 0.078125 0.1203125
1 0.515625 0.284375 0.0875 0.146875
1 0.71015625 0.290625 0.1046875 0.15625
1 0.86484375 0.34921875 0.1265625 0.1546875
