3 0.78828125 0.65 0.1140625 0.2375
3 0.63046875 0.5453125 0.0671875 0.15
3 0.56015625 0.6203125 0.0953125 0.20625
3 0.48203125 0.5609375 0.0796875 0.125
3 0.38359375 0.5875 0.0953125 0.14375
3 0.2609375 0.7046875 0.121875 0.275
3 0.31953125 0.55625 0.0640625 0.140625
0 0.790625 0.48203125 0.0875 0.1671875
0 0.63359375 0.4375 0.0796875 0.125
0 0.5515625 0.4671875 0.075 0.15625
0 0.4796875 0.4625 0.075 0.11875
0 0.38125 0.46953125 0.06875 0.1359375
0 0.3390625 0.4609375 0.0625 0.121875
0 0.2515625 0.50625 0.121875 0.1875
