3 0.0890625 0.80078125 0.175 0.3328125
3 0.26875 0.7828125 0.171875 0.325
3 0.44296875 0.78671875 0.1796875 0.3515625
3 0.5953125 0.73828125 0.153125 0.3109375
3 0.746875 0.77734375 0.15625 0.3765625
3 0.89765625 0.79296875 0.2046875 0.4140625
1 0.11171875 0.54375 0.1828125 0.2875
1 0.2734375 0.55546875 0.153125 0.2046875
1 0.39453125 0.5296875 0.0890625 0.153125
1 0.478125 0.56015625 0.115625 0.2171875
1 0.74609375 0.534375 0.1203125 0.2125
1 0.85234375 0.48125 0.1609375 0.265625
1 0.9421875 0.48828125 0.078125 0.1859375
1 0.59375 0.55625 0.08125 0.146875
1 0.56875 0.49140625 0.084375 0.1359375
