3 0.2453125 0.50703125 0.11875 0.2671875
0 0.259375 0.3234375 0.10625 0.159375
3 0.95 0.54375 0.1 0.2875
3 0.83515625 0.5875 0.1484375 0.303125
3 0.71796875 0.55390625 0.0984375 0.2140625
3 0.6171875 0.55546875 0.121875 0.2921875
3 0.53515625 0.5546875 0.0953125 0.2
3 0.41328125 0.53359375 0.0796875 0.1734375
1 0.91328125 0.36015625 0.0921875 0.1734375
1 0.8265625 0.359375 0.1 0.178125
1 0.7140625 0.4171875 0.071875 0.1
1 0.615625 0.35625 0.084375 0.15625
1 0.5484375 0.40546875 0.078125 0.1359375
1 0.3765625 0.40703125 0.040625 0.0765625
1 0.4140625 0.42578125 0.046875 0.0765625
3 0.36015625 0.4890625 0.0546875 0.134375
