0 0.10703125 0.3703125 0.0578125 0.078125
0 0.27734375 0.3625 0.0796875 0.140625
0 0.4046875 0.3453125 0.075 0.109375
0 0.49921875 0.39296875 0.0609375 0.0890625
0 0.60234375 0.4046875 0.0578125 0.09375
0 0.82421875 0.4078125 0.0734375 0.103125
0 0.88671875 0.42421875 0.0609375 0.0953125
3 0.89140625 0.52890625 0.0578125 0.1546875
3 0.82421875 0.5359375 0.0859375 0.18125
3 0.61640625 0.50859375 0.1046875 0.1703125
3 0.503125 0.50703125 0.103125 0.1703125
3 0.4 0.49765625 0.1125 0.2265625
3 0.26953125 0.528125 0.1359375 0.246875
3 0.10859375 0.490625 0.1015625 0.1625
