3 0.3375 0.67265625 0.140625 0.3203125
3 0.92421875 0.74296875 0.1203125 0.3265625
3 0.54296875 0.6171875 0.1265625 0.225
3 0.671875 0.57265625 0.08125 0.1890625
3 0.78203125 0.57265625 0.0890625 0.1984375
0 0.9265625 0.52578125 0.0875 0.1546875
0 0.89375 0.4359375 0.065625 0.128125
0 0.77890625 0.453125 0.0453125 0.1
0 0.6734375 0.45234375 0.053125 0.1140625
0 0.62421875 0.4453125 0.0484375 0.084375
0 0.534375 0.46875 0.05625 0.1125
0 0.56328125 0.45546875 0.0390625 0.0859375
0 0.33515625 0.44921875 0.0828125 0.1609375
