0 0.0203125 0.7875 0.0375 0.090625
0 0.125 0.75859375 0.06875 0.1015625
0 0.21953125 0.75859375 0.0578125 0.0765625
0 0.434375 0.8125 0.059375 0.103125
0 0.49375 0.79765625 0.0625 0.0984375
0 0.59921875 0.80859375 0.0671875 0.1078125
0 0.6484375 0.7078125 0.071875 0.1125
0 0.928125 0.903125 0.090625 0.1375
0 0.975 0.82578125 0.05 0.1078125
0 0.5765625 0.671875 0.05625 0.09375
0 0.5359375 0.66328125 0.05 0.0921875
0 0.42578125 0.75859375 0.0578125 0.0609375
0 0.4234375 0.67421875 0.059375 0.0828125
0 0.50703125 0.5578125 0.0515625 0.071875
0 0.46875 0.50859375 0.04375 0.0640625
0 0.3796875 0.53828125 0.05625 0.0796875
0 0.43828125 0.4171875 0.0359375 0.059375
0 0.3953125 0.44453125 0.03125 0.0421875
0 0.21953125 0.05078125 0.0484375 0.0546875
0 0.284375 0.28671875 0.040625 0.0640625
3 0.25 0.1203125 0.059375 0.1
3 0.28203125 0.3515625 0.0609375 0.10625
3 0.79765625 0.92734375 0.0890625 0.1453125
1 0.79140625 0.82578125 0.0671875 0.0859375
3 0.640625 0.9234375 0.1125 0.153125
3 0.509375 0.92578125 0.10625 0.1484375
3 0.41328125 0.92578125 0.0828125 0.1484375
3 0.43984375 0.48515625 0.0453125 0.0953125
