0 0.07 0.11559888579387187 0.096 0.14206128133704735
0 0.699 0.21448467966573817 0.03 0.03899721448467967
0 0.907 0.23676880222841226 0.026 0.033426183844011144
0 0.869 0.4025069637883008 0.066 0.08635097493036212
0 0.509 0.5891364902506964 0.038 0.06406685236768803
0 0.193 0.4401114206128134 0.026 0.03899721448467967
0 0.279 0.38857938718662954 0.038 0.04178272980501393
3 0.052 0.2757660167130919 0.096 0.22284122562674094
3 0.884 0.5222841225626741 0.068 0.181058495821727
3 0.292 0.4582172701949861 0.076 0.09749303621169916
3 0.384 0.49303621169916434 0.036 0.10027855153203342
3 0.461 0.584958217270195 0.074 0.08913649025069638
3 0.536 0.45125348189415043 0.068 0.10027855153203342
0 0.53 0.3871866295264624 0.032 0.033426183844011144
3 0.7 0.2576601671309192 0.06 0.06963788300835655
3 0.926 0.28133704735376047 0.04 0.07242339832869081
