3 0.13984375 0.6328125 0.1734375 0.35
3 0.3859375 0.5375 0.08125 0.20625
3 0.521875 0.5421875 0.075 0.209375
3 0.45546875 0.53125 0.0578125 0.171875
3 0.6234375 0.4703125 0.040625 0.0875
3 0.6890625 0.4921875 0.065625 0.10625
3 0.75625 0.4921875 0.06875 0.134375
3 0.834375 0.46875 0.084375 0.11875
3 0.92578125 0.46640625 0.0765625 0.1078125
1 0.1828125 0.4078125 0.096875 0.15625
1 0.38984375 0.41015625 0.0890625 0.1171875
1 0.45078125 0.3875 0.0609375 0.103125
1 0.6890625 0.4203125 0.04375 0.071875
1 0.753125 0.40234375 0.040625 0.0671875
1 0.821875 0.3921875 0.053125 0.08125
1 0.9171875 0.38671875 0.059375 0.0859375
1 0.9765625 0.3890625 0.034375 0.05625
