0 0.796875 0.30859375 0.09375 0.1421875
0 0.70859375 0.29765625 0.0703125 0.1203125
0 0.59921875 0.25703125 0.0859375 0.1484375
0 0.546875 0.3015625 0.053125 0.084375
0 0.4484375 0.290625 0.075 0.13125
0 0.35 0.30078125 0.046875 0.0859375
0 0.303125 0.28046875 0.065625 0.1296875
0 0.24609375 0.27734375 0.0859375 0.1453125
3 0.7828125 0.4796875 0.11875 0.2125
3 0.69921875 0.43671875 0.0609375 0.2015625
3 0.60390625 0.44765625 0.1171875 0.2578125
3 0.471875 0.43828125 0.15625 0.2234375
3 0.2484375 0.50390625 0.128125 0.3140625
3 0.3546875 0.44375 0.090625 0.24375
