0 0.827 0.216 0.106 0.16
0 0.709 0.23866666666666667 0.074 0.10933333333333334
0 0.609 0.23333333333333334 0.042 0.04533333333333334
0 0.564 0.276 0.056 0.072
0 0.506 0.22666666666666666 0.028 0.042666666666666665
0 0.402 0.252 0.056 0.050666666666666665
0 0.398 0.32133333333333336 0.068 0.09333333333333334
0 0.193 0.268 0.042 0.034666666666666665
0 0.168 0.36133333333333334 0.088 0.13066666666666665
0 0.05 0.3426666666666667 0.096 0.152
3 0.051 0.532 0.098 0.28
3 0.182 0.52 0.132 0.21866666666666668
3 0.213 0.4226666666666667 0.058 0.15733333333333333
3 0.399 0.45466666666666666 0.106 0.184
3 0.495 0.30133333333333334 0.046 0.10666666666666667
3 0.553 0.3626666666666667 0.078 0.128
3 0.614 0.324 0.056 0.10933333333333334
3 0.709 0.36533333333333334 0.102 0.176
3 0.824 0.512 0.172 0.44266666666666665
3 0.973 0.43733333333333335 0.054 0.2986666666666667
0 0.976 0.21466666666666667 0.048 0.14666666666666667
