3 0.15 0.6421875 0.121875 0.246875
3 0.24765625 0.5984375 0.0890625 0.184375
3 0.38203125 0.5921875 0.1203125 0.246875
3 0.51796875 0.5765625 0.1171875 0.23125
3 0.65625 0.5671875 0.1 0.2125
3 0.7421875 0.54765625 0.053125 0.1359375
3 0.8515625 0.5859375 0.078125 0.215625
3 0.95234375 0.58671875 0.0953125 0.1859375
1 0.14765625 0.471875 0.0859375 0.1125
0 0.24375 0.46015625 0.071875 0.0984375
0 0.3203125 0.44140625 0.05 0.0859375
0 0.38671875 0.42109375 0.0703125 0.1328125
0 0.50859375 0.40546875 0.0640625 0.1390625
1 0.659375 0.42890625 0.0625 0.1078125
1 0.84375 0.44765625 0.075 0.1078125
0 0.9484375 0.4625 0.065625 0.1125
