0 0.24453125 0.4234375 0.1984375 0.25625
0 0.29296875 0.6609375 0.1734375 0.2
0 0.30234375 0.83203125 0.1984375 0.2703125
0 0.61328125 0.84921875 0.1890625 0.3015625
0 0.61953125 0.6 0.1734375 0.246875
0 0.94375 0.36640625 0.1125 0.2765625
0 0.72734375 0.40078125 0.1890625 0.2421875
0 0.85390625 0.18046875 0.1546875 0.2546875
3 0.52421875 0.121875 0.1796875 0.240625
3 0.76015625 0.134375 0.1078125 0.225
3 0.8015625 0.5921875 0.15 0.31875
1 0.7453125 0.74609375 0.178125 0.2921875
1 0.434375 0.48125 0.15625 0.253125
