0 0.86953125 0.3859375 0.0734375 0.125
0 0.7703125 0.37109375 0.05625 0.1359375
0 0.71796875 0.38515625 0.0859375 0.1671875
0 0.5984375 0.38125 0.096875 0.16875
0 0.50859375 0.3828125 0.0953125 0.153125
0 0.4046875 0.41640625 0.071875 0.1203125
0 0.33671875 0.39765625 0.0796875 0.1359375
0 0.23671875 0.40234375 0.0734375 0.1328125
3 0.87265625 0.509375 0.0796875 0.165625
3 0.74296875 0.6140625 0.1203125 0.30625
3 0.6203125 0.553125 0.15 0.234375
3 0.51875 0.5421875 0.09375 0.203125
3 0.42265625 0.56953125 0.0703125 0.2140625
3 0.33203125 0.5625 0.1234375 0.24375
3 0.23515625 0.52734375 0.0859375 0.1890625
