3 0.2140625 0.88359375 0.178125 0.2140625
3 0.3359375 0.87265625 0.109375 0.2546875
3 0.78515625 0.8125 0.1421875 0.209375
3 0.9046875 0.80390625 0.125 0.2171875
3 0.209375 0.3015625 0.0875 0.153125
3 0.5890625 0.26875 0.053125 0.134375
0 0.225 0.69765625 0.103125 0.1953125
0 0.33125 0.67734375 0.109375 0.1640625
0 0.79140625 0.640625 0.1109375 0.1625
0 0.890625 0.63359375 0.1 0.1640625
0 0.95390625 0.6109375 0.0859375 0.165625
0 0.2171875 0.19921875 0.0625 0.1015625
0 0.58125 0.1640625 0.05625 0.0875
3 0.48984375 0.2796875 0.0546875 0.128125
