3 0.64140625 0.43125 0.0890625 0.14375
3 0.525 0.41953125 0.08125 0.1421875
3 0.421875 0.42109375 0.078125 0.1578125
3 0.35546875 0.465625 0.0953125 0.1875
3 0.2140625 0.4515625 0.1 0.1625
3 0.27578125 0.4234375 0.0640625 0.153125
3 0.1140625 0.42421875 0.08125 0.1359375
0 0.03125 0.44609375 0.04375 0.0640625
0 0.11171875 0.33984375 0.0515625 0.0828125
0 0.21953125 0.328125 0.0640625 0.1
0 0.26640625 0.31328125 0.0546875 0.0921875
0 0.3609375 0.3359375 0.0625 0.096875
0 0.41328125 0.31171875 0.0578125 0.0953125
0 0.51484375 0.32578125 0.0703125 0.0953125
0 0.63984375 0.3296875 0.0578125 0.078125
