0 0.13046875 0.08359375 0.0828125 0.1140625
0 0.32265625 0.5015625 0.0640625 0.096875
0 0.5140625 0.4828125 0.046875 0.075
0 0.57734375 0.4890625 0.0484375 0.078125
0 0.6484375 0.47890625 0.05 0.0796875
0 0.75390625 0.48671875 0.0609375 0.0890625
0 0.85703125 0.4890625 0.0921875 0.1
3 0.1625 0.184375 0.096875 0.14375
3 0.32578125 0.628125 0.0671875 0.18125
3 0.5046875 0.5734375 0.075 0.159375
3 0.58828125 0.57265625 0.0609375 0.1296875
3 0.659375 0.584375 0.06875 0.14375
3 0.759375 0.58671875 0.071875 0.1578125
3 0.8671875 0.628125 0.1 0.196875
