3 0.121875 0.409375 0.0625 0.09375
3 0.2203125 0.4875 0.134375 0.190625
3 0.42109375 0.425 0.1203125 0.203125
3 0.51875 0.41328125 0.09375 0.1578125
3 0.5921875 0.41484375 0.0625 0.1359375
3 0.64765625 0.42265625 0.0640625 0.1359375
3 0.70546875 0.47109375 0.1140625 0.2078125
3 0.8859375 0.3890625 0.075 0.128125
1 0.1203125 0.3390625 0.059375 0.071875
1 0.2265625 0.346875 0.084375 0.128125
1 0.4234375 0.28125 0.075 0.1125
1 0.5125 0.30859375 0.065625 0.0890625
1 0.5984375 0.328125 0.0375 0.071875
1 0.69921875 0.3171875 0.0859375 0.11875
1 0.87890625 0.3046875 0.0640625 0.08125
1 0.75625 0.3328125 0.046875 0.071875
1 0.82109375 0.31953125 0.0359375 0.0578125
1 0.93828125 0.3265625 0.0578125 0.065625
3 0.825 0.3828125 0.04375 0.084375
3 0.94140625 0.39375 0.0484375 0.103125
