0 0.137 0.6021021021021021 0.09 0.1111111111111111
0 0.289 0.2852852852852853 0.09 0.16216216216216217
0 0.407 0.2927927927927928 0.082 0.1111111111111111
0 0.576 0.3783783783783784 0.08 0.15615615615615616
0 0.641 0.33183183183183185 0.078 0.14714714714714713
0 0.792 0.37537537537537535 0.104 0.14414414414414414
3 0.161 0.3708708708708709 0.126 0.16516516516516516
3 0.288 0.39039039039039036 0.132 0.16216216216216217
3 0.409 0.4114114114114114 0.114 0.17417417417417416
3 0.518 0.43093093093093093 0.104 0.2132132132132132
3 0.647 0.45495495495495497 0.106 0.1891891891891892
3 0.783 0.46996996996997 0.15 0.19519519519519518
