2 0.2328125 0.259375 0.075 0.103125
2 0.39453125 0.27421875 0.0703125 0.0734375
2 0.5859375 0.265625 0.06875 0.0875
2 0.67421875 0.2703125 0.0828125 0.0875
0 0.45546875 0.24296875 0.0578125 0.0546875
0 0.6171875 0.21484375 0.05625 0.0703125
0 0.71171875 0.22734375 0.0546875 0.0546875
0 0.8625 0.8359375 0.05 0.046875
0 0.9546875 0.84296875 0.05625 0.0515625
0 0.8859375 0.803125 0.05 0.04375
0 0.934375 0.80625 0.05625 0.040625
2 0.85546875 0.90390625 0.0859375 0.1046875
2 0.93828125 0.91015625 0.0890625 0.1015625
