0 0.93203125 0.28515625 0.1265625 0.1734375
0 0.78828125 0.321875 0.1328125 0.178125
0 0.6359375 0.34609375 0.10625 0.1953125
0 0.5390625 0.3375 0.13125 0.225
0 0.33359375 0.25546875 0.1515625 0.2609375
0 0.2421875 0.246875 0.071875 0.178125
0 0.12421875 0.290625 0.1015625 0.15
0 0.03984375 0.32578125 0.0765625 0.1921875
3 0.93671875 0.53671875 0.1265625 0.3265625
3 0.79765625 0.56484375 0.1578125 0.3265625
3 0.55234375 0.65234375 0.2046875 0.3984375
3 0.31875 0.62734375 0.2375 0.4828125
3 0.06640625 0.5984375 0.1296875 0.396875
