0 0.86328125 0.2078125 0.0859375 0.153125
0 0.7671875 0.24453125 0.053125 0.1109375
0 0.64609375 0.23125 0.0703125 0.128125
0 0.58828125 0.21796875 0.0546875 0.1171875
0 0.5390625 0.24609375 0.046875 0.0984375
0 0.48359375 0.24921875 0.0484375 0.0890625
0 0.4375 0.26875 0.046875 0.09375
0 0.4 0.265625 0.040625 0.078125
0 0.8140625 0.25390625 0.040625 0.0890625
3 0.87734375 0.3859375 0.0796875 0.2125
3 0.77421875 0.35703125 0.0671875 0.1390625
3 0.6609375 0.375 0.071875 0.1875
3 0.590625 0.3671875 0.078125 0.196875
