3 0.1078125 0.48984375 0.121875 0.2328125
3 0.19375 0.55234375 0.103125 0.2640625
3 0.2765625 0.5 0.0875 0.175
3 0.39921875 0.49921875 0.1203125 0.1453125
3 0.5796875 0.490625 0.10625 0.146875
3 0.70078125 0.51796875 0.0859375 0.1953125
3 0.81328125 0.56875 0.1359375 0.21875
3 0.91953125 0.58125 0.1046875 0.215625
1 0.10390625 0.33359375 0.1015625 0.1578125
1 0.18984375 0.371875 0.0640625 0.11875
1 0.3 0.375 0.0625 0.103125
1 0.38828125 0.39765625 0.0671875 0.1046875
1 0.58515625 0.37421875 0.0734375 0.1140625
1 0.70078125 0.3625 0.0859375 0.1375
1 0.8171875 0.4140625 0.065625 0.1125
1 0.90546875 0.43515625 0.0640625 0.1078125
1 0.959375 0.421875 0.059375 0.10625
