3 0.0953125 0.571875 0.103125 0.178125
3 0.24140625 0.49453125 0.1109375 0.1703125
3 0.35078125 0.45625 0.0640625 0.096875
3 0.45 0.5 0.11875 0.14375
3 0.5921875 0.49296875 0.13125 0.1859375
3 0.71171875 0.49296875 0.0921875 0.1859375
3 0.86484375 0.48671875 0.1546875 0.1546875
3 0.94140625 0.46015625 0.0734375 0.1265625
1 0.0921875 0.4515625 0.078125 0.125
1 0.23984375 0.36796875 0.0703125 0.1203125
1 0.17265625 0.41875 0.0609375 0.103125
1 0.34609375 0.3859375 0.0546875 0.075
1 0.44921875 0.4015625 0.0703125 0.10625
1 0.57890625 0.378125 0.0765625 0.11875
1 0.67109375 0.353125 0.0453125 0.075
1 0.70859375 0.38671875 0.0703125 0.0984375
1 0.86484375 0.3828125 0.0734375 0.115625
1 0.93984375 0.3734375 0.0515625 0.075
