3 0.11015625 0.46796875 0.0796875 0.1515625
3 0.2390625 0.48984375 0.121875 0.2734375
3 0.3453125 0.46015625 0.059375 0.1015625
3 0.43125 0.484375 0.1125 0.24375
3 0.7078125 0.5109375 0.090625 0.171875
3 0.60390625 0.48125 0.0796875 0.115625
3 0.509375 0.50625 0.06875 0.196875
1 0.10859375 0.36484375 0.0609375 0.0859375
1 0.25390625 0.30234375 0.1078125 0.1703125
1 0.44140625 0.33515625 0.0828125 0.1203125
1 0.6984375 0.3921875 0.065625 0.103125
1 0.60234375 0.40078125 0.0578125 0.0765625
1 0.34609375 0.3875 0.0671875 0.090625
