0 0.23146292585170342 0.38922155688622756 0.08617234468937876 0.1497005988023952
0 0.37975951903807614 0.3413173652694611 0.06613226452905811 0.1317365269461078
0 0.4939879759519038 0.3772455089820359 0.08617234468937876 0.15568862275449102
0 0.6673346693386774 0.36077844311377244 0.08016032064128256 0.1407185628742515
0 0.7985971943887775 0.3338323353293413 0.09018036072144289 0.1467065868263473
0 0.06312625250501001 0.3712574850299401 0.12224448897795591 0.2634730538922156
3 0.09619238476953908 0.7425149700598802 0.18837675350701402 0.49700598802395207
3 0.22845691382765532 0.5988023952095808 0.13226452905811623 0.3473053892215569
3 0.3687374749498998 0.5434131736526946 0.13627254509018036 0.3203592814371258
3 0.49899799599198397 0.6182634730538922 0.1402805611222445 0.39820359281437123
3 0.654308617234469 0.5568862275449101 0.1462925851703407 0.32335329341317365
3 0.8186372745490982 0.562874251497006 0.14228456913827656 0.3413173652694611
