0 0.147 0.2188612099644128 0.086 0.16725978647686832
0 0.254 0.2580071174377224 0.08 0.18149466192170818
0 0.326 0.2775800711743772 0.052 0.06405693950177936
0 0.425 0.28113879003558717 0.062 0.11387900355871886
0 0.557 0.3612099644128114 0.062 0.13167259786476868
0 0.572 0.2704626334519573 0.068 0.06405693950177936
0 0.622 0.3807829181494662 0.064 0.13523131672597866
0 0.657 0.28113879003558717 0.054 0.07829181494661921
0 0.931 0.45729537366548045 0.082 0.1601423487544484
3 0.127 0.48576512455516013 0.138 0.41637010676156583
3 0.24 0.5444839857651246 0.12 0.4697508896797153
3 0.342 0.5765124555160143 0.116 0.3274021352313167
3 0.481 0.5818505338078291 0.142 0.35231316725978645
3 0.573 0.6103202846975089 0.09 0.39501779359430605
3 0.651 0.5516014234875445 0.106 0.30604982206405695
3 0.692 0.4822064056939502 0.068 0.29537366548042704
3 0.856 0.6120996441281139 0.204 0.2918149466192171
1 0.336 0.3736654804270463 0.076 0.16370106761565836
1 0.484 0.35765124555160144 0.072 0.1601423487544484
