0 0.17421875 0.2296875 0.1296875 0.134375
0 0.28125 0.22109375 0.08125 0.0859375
0 0.36015625 0.23046875 0.0859375 0.0859375
0 0.41328125 0.2375 0.0515625 0.0875
0 0.50390625 0.24609375 0.0796875 0.0984375
0 0.73671875 0.22109375 0.1296875 0.1296875
0 0.86796875 0.2484375 0.1078125 0.1125
3 0.8796875 0.38671875 0.121875 0.1890625
3 0.765625 0.36328125 0.115625 0.2015625
3 0.5234375 0.35 0.1375 0.153125
3 0.4 0.36640625 0.08125 0.1640625
3 0.31015625 0.3671875 0.1046875 0.19375
3 0.25703125 0.321875 0.1046875 0.146875
3 0.14453125 0.38984375 0.1515625 0.2421875
