0 0.15390625 0.40078125 0.0515625 0.0765625
0 0.19609375 0.42578125 0.0703125 0.1109375
0 0.36328125 0.409375 0.0671875 0.10625
0 0.48515625 0.44296875 0.0609375 0.0921875
0 0.5421875 0.39921875 0.06875 0.1171875
0 0.63203125 0.3984375 0.0484375 0.0875
0 0.6828125 0.42265625 0.06875 0.1203125
3 0.9015625 0.50703125 0.028125 0.0796875
3 0.67890625 0.59609375 0.1046875 0.2390625
3 0.5578125 0.55078125 0.1 0.2015625
3 0.48046875 0.56875 0.0640625 0.171875
3 0.3671875 0.559375 0.1125 0.21875
3 0.1875 0.575 0.109375 0.209375
3 0.1203125 0.54765625 0.05625 0.2171875
