3 0.77890625 0.6046875 0.1765625 0.328125
3 0.46015625 0.59765625 0.1765625 0.3109375
3 0.18984375 0.7125 0.1390625 0.375
3 0.07578125 0.67734375 0.1484375 0.4765625
1 0.09453125 0.353125 0.1546875 0.2625
1 0.19609375 0.4171875 0.1421875 0.209375
1 0.36875 0.35625 0.09375 0.140625
1 0.471875 0.35546875 0.109375 0.2109375
1 0.74921875 0.340625 0.1140625 0.215625
1 0.66328125 0.396875 0.0921875 0.19375
1 0.5875 0.390625 0.090625 0.165625
1 0.88984375 0.3953125 0.0890625 0.171875
3 0.65546875 0.6109375 0.0984375 0.2875
3 0.3484375 0.53984375 0.1125 0.2453125
