0 0.72578125 0.5046875 0.1140625 0.19375
0 0.38984375 0.540625 0.1328125 0.246875
0 0.29765625 0.4984375 0.0859375 0.16875
0 0.10859375 0.5203125 0.0671875 0.096875
0 0.21640625 0.546875 0.0578125 0.096875
0 0.46796875 0.53828125 0.0671875 0.1296875
0 0.5109375 0.51328125 0.059375 0.1109375
0 0.609375 0.53203125 0.090625 0.1015625
0 0.82421875 0.54609375 0.0671875 0.1015625
3 0.1171875 0.64140625 0.121875 0.1890625
3 0.74453125 0.75625 0.1890625 0.31875
3 0.3796875 0.80703125 0.225 0.3859375
3 0.50234375 0.72109375 0.1078125 0.2796875
3 0.25390625 0.68046875 0.0953125 0.2453125
3 0.209375 0.66015625 0.05 0.1765625
