3 0.08828125 0.58671875 0.1734375 0.5453125
3 0.24609375 0.47421875 0.1546875 0.3390625
3 0.5921875 0.4859375 0.234375 0.384375
3 0.709375 0.36171875 0.134375 0.3609375
3 0.9671875 0.44609375 0.065625 0.2703125
3 0.8703125 0.44765625 0.090625 0.2203125
0 0.04921875 0.15390625 0.0953125 0.2265625
0 0.13828125 0.2015625 0.1421875 0.303125
0 0.234375 0.24765625 0.084375 0.1953125
3 0.2375 0.49296875 0.15625 0.3515625
1 0.56796875 0.18046875 0.1515625 0.2609375
1 0.68828125 0.12578125 0.1421875 0.2421875
1 0.96328125 0.2265625 0.0734375 0.196875
1 0.84609375 0.28984375 0.0734375 0.1484375
