1 0.19453125 0.24921875 0.0859375 0.1484375
1 0.3953125 0.32734375 0.084375 0.1140625
1 0.5046875 0.3859375 0.08125 0.121875
1 0.60234375 0.36171875 0.0640625 0.1171875
1 0.6484375 0.38359375 0.05 0.0953125
0 0.80078125 0.33828125 0.1203125 0.1546875
1 0.90234375 0.45 0.0578125 0.09375
1 0.975 0.44375 0.05 0.103125
3 0.97109375 0.571875 0.0578125 0.175
3 0.90546875 0.57265625 0.0859375 0.1640625
3 0.82421875 0.49453125 0.1203125 0.1921875
3 0.59921875 0.515625 0.1140625 0.20625
3 0.49375 0.5375 0.096875 0.234375
3 0.3796875 0.4859375 0.109375 0.225
3 0.17421875 0.4296875 0.1453125 0.271875
