3 0.1515625 0.70234375 0.059375 0.1484375
3 0.25546875 0.70546875 0.0796875 0.1359375
3 0.34140625 0.7046875 0.0609375 0.140625
3 0.39453125 0.7328125 0.0640625 0.11875
3 0.4953125 0.759375 0.04375 0.16875
3 0.54921875 0.75390625 0.0734375 0.1859375
3 0.6265625 0.7359375 0.05 0.103125
3 0.6875 0.746875 0.04375 0.115625
3 0.7609375 0.75390625 0.046875 0.1515625
3 0.85390625 0.75234375 0.0421875 0.1359375
3 0.91796875 0.7546875 0.0515625 0.10625
3 0.97109375 0.778125 0.0578125 0.1625
1 0.134375 0.5921875 0.034375 0.059375
3 0.12890625 0.6609375 0.0515625 0.103125
1 0.17578125 0.6171875 0.0421875 0.071875
1 0.2671875 0.609375 0.040625 0.065625
1 0.34609375 0.6203125 0.0390625 0.08125
1 0.40390625 0.64765625 0.0515625 0.0796875
1 0.49375 0.65234375 0.053125 0.0734375
1 0.54765625 0.63046875 0.0359375 0.0703125
1 0.684375 0.66796875 0.040625 0.0671875
1 0.76484375 0.65 0.0578125 0.078125
1 0.84609375 0.65703125 0.0421875 0.0640625
1 0.965625 0.6671875 0.05625 0.06875
1 0.90546875 0.6828125 0.0453125 0.0625
