0 0.14140625 0.4015625 0.1359375 0.19375
0 0.18515625 0.646875 0.1578125 0.271875
0 0.33828125 0.83671875 0.1828125 0.3109375
0 0.4609375 0.56953125 0.1625 0.2640625
0 0.85859375 0.5109375 0.1984375 0.259375
0 0.65390625 0.546875 0.1203125 0.190625
0 0.534375 0.46953125 0.1125 0.1890625
0 0.70546875 0.41953125 0.0859375 0.1234375
0 0.8015625 0.4109375 0.10625 0.1375
0 0.8484375 0.3171875 0.09375 0.128125
0 0.5234375 0.34140625 0.09375 0.1390625
0 0.6859375 0.3296875 0.065625 0.121875
0 0.6375 0.296875 0.06875 0.125
