3 0.43984375 0.84765625 0.1296875 0.2203125
3 0.3265625 0.8234375 0.075 0.175
3 0.784375 0.75 0.053125 0.178125
3 0.84609375 0.7703125 0.0734375 0.203125
3 0.90703125 0.75 0.0578125 0.1125
3 0.5078125 0.65859375 0.06875 0.0984375
0 0.34140625 0.46328125 0.0578125 0.0734375
0 0.33046875 0.7140625 0.0578125 0.0875
0 0.44375 0.67890625 0.09375 0.1296875
0 0.51953125 0.5921875 0.0515625 0.078125
0 0.8359375 0.62421875 0.071875 0.1109375
0 0.77265625 0.63671875 0.0640625 0.1046875
0 0.9015625 0.66484375 0.040625 0.0671875
3 0.33125 0.56328125 0.053125 0.1421875
0 0.26953125 0.16875 0.0484375 0.08125
3 0.25 0.215625 0.078125 0.10625
