0 0.84375 0.1875 0.0875 0.140625
0 0.0703125 0.3203125 0.096875 0.146875
0 0.12890625 0.35 0.0515625 0.1125
0 0.25390625 0.34609375 0.0890625 0.1421875
0 0.36171875 0.33828125 0.0765625 0.1203125
0 0.41640625 0.4140625 0.0546875 0.1
0 0.46015625 0.4078125 0.0609375 0.09375
3 0.8796875 0.36484375 0.0875 0.2671875
3 0.46640625 0.53203125 0.0703125 0.1734375
3 0.41875 0.540625 0.0625 0.175
3 0.3546875 0.51640625 0.0875 0.2671875
3 0.253125 0.5578125 0.1 0.303125
3 0.0796875 0.54140625 0.109375 0.3109375
