3 0.93203125 0.5828125 0.0953125 0.15625
3 0.74609375 0.55625 0.0484375 0.11875
3 0.6984375 0.55625 0.053125 0.14375
3 0.64375 0.56796875 0.0875 0.1421875
3 0.52421875 0.5578125 0.0765625 0.1375
3 0.40078125 0.5640625 0.0828125 0.171875
3 0.30546875 0.59921875 0.1015625 0.1640625
3 0.178125 0.5953125 0.0875 0.178125
3 0.0640625 0.56640625 0.05625 0.0828125
0 0.6921875 0.4515625 0.05 0.090625
0 0.64453125 0.45625 0.0515625 0.09375
0 0.5203125 0.45625 0.05625 0.1
0 0.41015625 0.4453125 0.0546875 0.096875
0 0.3125 0.47265625 0.075 0.1109375
0 0.23828125 0.45078125 0.0609375 0.0953125
0 0.1859375 0.46171875 0.08125 0.1015625
1 0.94296875 0.4796875 0.0609375 0.096875
1 0.7359375 0.47421875 0.04375 0.0578125
