3 0.36640625 0.73671875 0.1703125 0.2953125
3 0.77890625 0.79296875 0.2078125 0.2859375
3 0.94609375 0.7578125 0.1078125 0.234375
3 0.615625 0.56953125 0.115625 0.1609375
3 0.21328125 0.6703125 0.1546875 0.25625
3 0.15625 0.565625 0.13125 0.171875
1 0.91015625 0.603125 0.1359375 0.184375
1 0.7421875 0.6 0.109375 0.15625
1 0.70234375 0.5140625 0.0828125 0.13125
1 0.57109375 0.459375 0.0703125 0.134375
1 0.52109375 0.45859375 0.0640625 0.1109375
1 0.40703125 0.440625 0.0734375 0.115625
1 0.41484375 0.5609375 0.1046875 0.178125
1 0.27890625 0.5125 0.0859375 0.16875
1 0.20625 0.4609375 0.08125 0.121875
