3 0.053125 0.7046875 0.065625 0.15
3 0.1 0.6578125 0.028125 0.0875
3 0.2265625 0.64765625 0.04375 0.1046875
3 0.27421875 0.64375 0.0484375 0.096875
3 0.34453125 0.65390625 0.0515625 0.1078125
3 0.409375 0.69453125 0.065625 0.1234375
3 0.47578125 0.64140625 0.0421875 0.1078125
3 0.6375 0.66015625 0.040625 0.1109375
3 0.68203125 0.63828125 0.0546875 0.0953125
3 0.76875 0.61484375 0.0625 0.1078125
3 0.81796875 0.6125 0.0359375 0.103125
0 0.06484375 0.60859375 0.0421875 0.0703125
0 0.09921875 0.5875 0.0484375 0.046875
0 0.41015625 0.60546875 0.0359375 0.0640625
0 0.48125 0.5671875 0.0375 0.046875
