2 0.060216508795669824 0.46689895470383275 0.11772665764546685 0.23344947735191637
0 0.07171853856562922 0.3074912891986063 0.09201623815967523 0.12020905923344948
2 0.14411366711772666 0.4764808362369338 0.09878213802435724 0.2735191637630662
0 0.18132611637347767 0.2952961672473868 0.09201623815967523 0.10975609756097561
2 0.2780784844384303 0.436411149825784 0.19350473612990526 0.3641114982578397
0 0.30649526387009474 0.24041811846689895 0.12584573748308525 0.14982578397212543
2 0.4100135317997294 0.4886759581881533 0.12449255751014884 0.2700348432055749
1 0.41069012178619757 0.32665505226480834 0.06359945872801083 0.1132404181184669
0 0.4485791610284168 0.3336236933797909 0.036535859269282815 0.10278745644599303
2 0.5466847090663058 0.4878048780487805 0.13261163734776726 0.23693379790940766
0 0.5832205683355887 0.31097560975609756 0.05953991880920163 0.08536585365853659
3 0.6779431664411367 0.3623693379790941 0.13531799729364005 0.31010452961672474
1 0.6664411366711772 0.15853658536585366 0.12043301759133965 0.14285714285714285
2 0.8700947225981055 0.3162020905923345 0.2381596752368065 0.35714285714285715
2 0.7374830852503383 0.4912891986062718 0.07036535859269283 0.18118466898954705
0 0.8849797023004059 0.09407665505226481 0.13802435723951287 0.14982578397212543
