0 0.11796875 0.346875 0.0609375 0.096875
0 0.08046875 0.34140625 0.0453125 0.0796875
0 0.14765625 0.3671875 0.0421875 0.059375
0 0.21796875 0.35234375 0.0578125 0.1046875
0 0.29140625 0.290625 0.0859375 0.15625
0 0.4390625 0.31171875 0.05625 0.1140625
0 0.48828125 0.2890625 0.0796875 0.171875
0 0.54609375 0.33515625 0.0609375 0.0890625
0 0.5640625 0.2890625 0.0375 0.059375
0 0.6171875 0.28671875 0.071875 0.1640625
0 0.6640625 0.3296875 0.053125 0.125
0 0.7578125 0.334375 0.0625 0.13125
0 0.79296875 0.34765625 0.0421875 0.0921875
0 0.84609375 0.34609375 0.0578125 0.1046875
0 0.91171875 0.2953125 0.0921875 0.1625
3 0.1015625 0.48203125 0.06875 0.1765625
3 0.15546875 0.4671875 0.0484375 0.16875
3 0.21328125 0.471875 0.0609375 0.184375
3 0.2984375 0.46796875 0.134375 0.2453125
3 0.47421875 0.503125 0.1203125 0.28125
3 0.609375 0.4875 0.11875 0.278125
3 0.7640625 0.5125 0.109375 0.23125
3 0.9078125 0.5171875 0.165625 0.303125
