3 0.51796875 0.2328125 0.1421875 0.153125
0 0.41484375 0.25390625 0.0828125 0.1296875
3 0.89921875 0.096875 0.0828125 0.11875
0 0.8515625 0.0375 0.05 0.065625
3 0.72421875 0.1453125 0.0640625 0.090625
0 0.75625 0.09140625 0.040625 0.0546875
3 0.5546875 0.11953125 0.065625 0.0671875
3 0.41640625 0.0953125 0.0546875 0.06875
3 0.33828125 0.09453125 0.0453125 0.0640625
3 0.2453125 0.10234375 0.053125 0.0671875
3 0.13125 0.07421875 0.046875 0.0640625
0 0.53515625 0.07109375 0.0421875 0.0578125
0 0.41328125 0.040625 0.0390625 0.05
0 0.32890625 0.0421875 0.0328125 0.05625
0 0.2390625 0.0515625 0.04375 0.04375
0 0.1234375 0.03125 0.034375 0.040625
