3 0.7046875 0.61015625 0.109375 0.3109375
3 0.64453125 0.56953125 0.0546875 0.2734375
3 0.5515625 0.56015625 0.078125 0.2296875
3 0.459375 0.54140625 0.071875 0.1921875
3 0.38671875 0.565625 0.0984375 0.209375
3 0.3234375 0.53046875 0.08125 0.1796875
3 0.1796875 0.5828125 0.140625 0.290625
3 0.0609375 0.559375 0.11875 0.203125
1 0.040625 0.45234375 0.065625 0.1046875
1 0.18515625 0.40703125 0.0734375 0.1265625
1 0.23359375 0.40078125 0.0515625 0.1265625
1 0.3015625 0.4015625 0.040625 0.071875
1 0.32734375 0.40390625 0.0421875 0.0890625
1 0.3953125 0.41953125 0.053125 0.0953125
1 0.453125 0.41640625 0.0375 0.0828125
1 0.540625 0.40546875 0.059375 0.1078125
1 0.625 0.39609375 0.059375 0.1234375
1 0.69140625 0.40546875 0.0765625 0.1453125
