0 0.075 0.321875 0.078125 0.134375
0 0.1375 0.35234375 0.05625 0.0984375
0 0.20703125 0.3671875 0.0734375 0.1375
0 0.3015625 0.3171875 0.065625 0.121875
0 0.3859375 0.32734375 0.06875 0.1328125
0 0.528125 0.34375 0.065625 0.134375
0 0.6546875 0.35546875 0.065625 0.1515625
1 0.45703125 0.3515625 0.0578125 0.10625
1 0.58125 0.39609375 0.04375 0.0859375
1 0.84609375 0.39140625 0.0484375 0.1109375
1 0.9015625 0.38125 0.053125 0.1
1 0.7609375 0.4125 0.0375 0.075
3 0.07421875 0.528125 0.1234375 0.265625
3 0.20859375 0.54453125 0.1109375 0.2296875
3 0.2921875 0.5265625 0.078125 0.315625
3 0.3796875 0.50625 0.109375 0.26875
3 0.45546875 0.4875 0.0609375 0.203125
3 0.53125 0.52734375 0.103125 0.2359375
3 0.67421875 0.553125 0.1015625 0.253125
3 0.83359375 0.53359375 0.0859375 0.2046875
3 0.90234375 0.496875 0.0703125 0.165625
