3 0.8921875 0.375 0.09375 0.296875
3 0.75859375 0.38359375 0.1109375 0.3515625
3 0.5265625 0.3171875 0.096875 0.165625
3 0.38828125 0.328125 0.0703125 0.209375
3 0.3125 0.37734375 0.0875 0.2421875
3 0.1484375 0.4234375 0.115625 0.29375
3 0.0484375 0.56171875 0.09375 0.3953125
0 0.88515625 0.18359375 0.1015625 0.1671875
0 0.72734375 0.153125 0.1046875 0.15
0 0.58359375 0.2296875 0.0671875 0.09375
0 0.403125 0.178125 0.08125 0.121875
0 0.32265625 0.23515625 0.0734375 0.1109375
0 0.13984375 0.2296875 0.0984375 0.175
0 0.05859375 0.16640625 0.0921875 0.2015625
0 0.0375 0.2625 0.071875 0.23125
