3 0.784375 0.53125 0.2375 0.4
3 0.603125 0.4828125 0.14375 0.253125
3 0.3296875 0.68984375 0.15625 0.5140625
3 0.11953125 0.7046875 0.2109375 0.590625
1 0.1359375 0.2765625 0.209375 0.3125
1 0.38046875 0.35546875 0.1171875 0.2328125
1 0.753125 0.2421875 0.15625 0.265625
1 0.6125 0.2890625 0.10625 0.20625
3 0.4 0.10625 0.059375 0.128125
3 0.58359375 0.10625 0.0546875 0.109375
3 0.6375 0.11171875 0.05 0.1109375
3 0.68828125 0.10703125 0.0421875 0.0890625
3 0.31328125 0.1015625 0.0359375 0.08125
3 0.35234375 0.10859375 0.0328125 0.0984375
3 0.471875 0.46640625 0.0625 0.2203125
3 0.25078125 0.465625 0.0828125 0.159375
