0 0.0640625 0.35703125 0.09375 0.1796875
0 0.16484375 0.346875 0.1203125 0.2125
0 0.33359375 0.31796875 0.0984375 0.1640625
0 0.49765625 0.32578125 0.1390625 0.2171875
0 0.6296875 0.32578125 0.090625 0.1640625
0 0.8046875 0.29453125 0.121875 0.2109375
0 0.90078125 0.29296875 0.0859375 0.1734375
3 0.81796875 0.5796875 0.1921875 0.43125
3 0.6515625 0.55390625 0.128125 0.3421875
3 0.50078125 0.59296875 0.1953125 0.3171875
3 0.334375 0.52734375 0.146875 0.2796875
3 0.16640625 0.60078125 0.2015625 0.3359375
3 0.05859375 0.53359375 0.1140625 0.2421875
