2 0.9152542372881356 0.451063829787234 0.1638418079096045 0.3404255319148936
2 0.7627118644067796 0.3617021276595745 0.06779661016949153 0.2723404255319149
2 0.7019774011299436 0.32340425531914896 0.09322033898305085 0.2127659574468085
2 0.5621468926553672 0.5255319148936171 0.2033898305084746 0.6936170212765957
2 0.2994350282485876 0.3872340425531915 0.1807909604519774 0.3659574468085106
2 0.05790960451977401 0.4106382978723404 0.11016949152542373 0.2680851063829787
0 0.9166666666666666 0.16170212765957448 0.12146892655367232 0.2127659574468085
0 0.8036723163841808 0.16595744680851063 0.09322033898305085 0.17872340425531916
0 0.6949152542372882 0.20212765957446807 0.05649717514124294 0.1148936170212766
0 0.346045197740113 0.14680851063829786 0.07627118644067797 0.13191489361702127
0 0.03954802259887006 0.24680851063829787 0.06779661016949153 0.11914893617021277
0 0.08615819209039548 0.2574468085106383 0.0423728813559322 0.1148936170212766
0 0.15112994350282485 0.22340425531914893 0.0480225988700565 0.05531914893617021
0 0.16807909604519775 0.2723404255319149 0.0423728813559322 0.07659574468085106
2 0.15112994350282485 0.40425531914893614 0.05367231638418079 0.16170212765957448
1 0.2457627118644068 0.17659574468085107 0.11299435028248588 0.19148936170212766
1 0.5338983050847458 0.12340425531914893 0.1016949152542373 0.15319148936170213
