3 0.8390625 0.37578125 0.128125 0.2265625
3 0.72109375 0.390625 0.0921875 0.24375
3 0.6265625 0.39296875 0.11875 0.1953125
3 0.46484375 0.39140625 0.1296875 0.2296875
3 0.31484375 0.3828125 0.1640625 0.221875
3 0.14140625 0.40234375 0.1359375 0.2921875
1 0.8359375 0.2265625 0.08125 0.159375
0 0.71171875 0.22890625 0.0796875 0.1515625
1 0.62265625 0.25703125 0.0859375 0.1609375
1 0.4625 0.2421875 0.078125 0.140625
1 0.30703125 0.2328125 0.0921875 0.1625
1 0.35390625 0.2109375 0.0703125 0.134375
1 0.2234375 0.259375 0.05625 0.10625
1 0.13359375 0.20078125 0.0984375 0.1515625
