3 0.89140625 0.65 0.1703125 0.36875
3 0.71875 0.62421875 0.140625 0.2953125
3 0.52265625 0.6140625 0.1546875 0.3
3 0.36640625 0.59765625 0.1328125 0.2796875
3 0.2578125 0.58203125 0.1 0.1796875
3 0.15546875 0.5875 0.0984375 0.171875
3 0.0578125 0.60390625 0.096875 0.1546875
1 0.8578125 0.40390625 0.13125 0.1796875
1 0.71484375 0.43359375 0.0984375 0.1640625
1 0.51640625 0.41953125 0.1296875 0.1484375
1 0.3390625 0.42890625 0.08125 0.1390625
1 0.25390625 0.45625 0.0828125 0.125
1 0.15234375 0.4625 0.0890625 0.10625
1 0.0578125 0.49609375 0.071875 0.0859375
