3 0.0453125 0.6484375 0.08125 0.171875
3 0.121875 0.65625 0.084375 0.165625
3 0.215625 0.66796875 0.1 0.1734375
3 0.29609375 0.65625 0.0921875 0.175
3 0.4234375 0.65546875 0.09375 0.1765625
3 0.52109375 0.6578125 0.1078125 0.1625
3 0.615625 0.675 0.084375 0.196875
3 0.690625 0.71171875 0.078125 0.1640625
3 0.73984375 0.665625 0.0640625 0.171875
3 0.80390625 0.703125 0.0921875 0.184375
1 0.0453125 0.53515625 0.065625 0.0859375
1 0.13046875 0.5484375 0.0546875 0.084375
1 0.22109375 0.55625 0.0578125 0.078125
1 0.2890625 0.5484375 0.05625 0.075
1 0.43046875 0.546875 0.0609375 0.090625
1 0.52265625 0.55234375 0.0578125 0.0921875
1 0.61484375 0.5484375 0.0671875 0.084375
1 0.68828125 0.5984375 0.0609375 0.075
1 0.74453125 0.54765625 0.0515625 0.0984375
1 0.7875 0.58203125 0.065625 0.0859375
