0 0.8984375 0.34765625 0.109375 0.1953125
1 0.225 0.3234375 0.165625 0.25625
1 0.37578125 0.2921875 0.1265625 0.209375
1 0.46953125 0.31484375 0.0921875 0.1921875
0 0.51875 0.303125 0.0625 0.1625
1 0.64296875 0.31015625 0.0859375 0.1703125
1 0.70703125 0.34921875 0.0921875 0.1640625
3 0.19140625 0.5984375 0.1734375 0.378125
3 0.346875 0.54296875 0.15 0.3296875
3 0.4796875 0.52421875 0.134375 0.2765625
3 0.62265625 0.5109375 0.0890625 0.26875
3 0.72421875 0.540625 0.1671875 0.26875
3 0.91171875 0.603125 0.1640625 0.36875
