1 0.903125 0.4375 0.134375 0.175
1 0.85 0.62109375 0.18125 0.2328125
1 0.4171875 0.67890625 0.203125 0.2859375
1 0.12421875 0.61484375 0.1703125 0.2734375
1 0.71875 0.38359375 0.115625 0.1609375
1 0.5796875 0.36640625 0.084375 0.1421875
1 0.30078125 0.321875 0.0765625 0.128125
1 0.159375 0.34296875 0.078125 0.1296875
3 0.14765625 0.409375 0.1046875 0.0875
3 0.30703125 0.38984375 0.1203125 0.1109375
3 0.58515625 0.45078125 0.1171875 0.1046875
3 0.73046875 0.49453125 0.1484375 0.1390625
3 0.9578125 0.6046875 0.084375 0.25
3 0.83828125 0.8609375 0.3234375 0.278125
3 0.428125 0.8984375 0.409375 0.203125
3 0.1140625 0.83046875 0.225 0.3390625
