0 0.8125 0.359375 0.075 0.128125
0 0.225 0.37421875 0.0875 0.1390625
1 0.946875 0.38125 0.10625 0.171875
1 0.5890625 0.36640625 0.065625 0.1140625
1 0.4515625 0.35703125 0.075 0.1359375
1 0.15625 0.378125 0.065625 0.121875
3 0.9171875 0.66171875 0.165625 0.4109375
3 0.809375 0.47734375 0.125 0.2015625
3 0.6125 0.5265625 0.134375 0.240625
3 0.42734375 0.5015625 0.1515625 0.240625
3 0.240625 0.51796875 0.10625 0.2171875
3 0.1453125 0.57890625 0.11875 0.2984375
3 0.04296875 0.4953125 0.0828125 0.2875
