2 0.9233333333333333 0.485 0.085 0.115
2 0.7741666666666667 0.4841666666666667 0.08833333333333333 0.1
2 0.5908333333333333 0.5204166666666666 0.10833333333333334 0.17416666666666666
2 0.6383333333333333 0.4575 0.05 0.085
2 0.49041666666666667 0.4766666666666667 0.07083333333333333 0.10666666666666667
2 0.3745833333333333 0.4766666666666667 0.06583333333333333 0.10166666666666667
2 0.27375 0.46166666666666667 0.06416666666666666 0.09666666666666666
2 0.19958333333333333 0.44125 0.0925 0.1225
2 0.06541666666666666 0.46791666666666665 0.0825 0.11416666666666667
2 0.32166666666666666 0.45125 0.03833333333333333 0.0775
0 0.03 0.3729166666666667 0.04666666666666667 0.06583333333333333
0 0.06833333333333333 0.3925 0.03833333333333333 0.06333333333333334
0 0.09125 0.38333333333333336 0.0225 0.04
0 0.1475 0.38166666666666665 0.03333333333333333 0.04
0 0.19875 0.36583333333333334 0.04583333333333333 0.07
0 0.26666666666666666 0.40125 0.04 0.059166666666666666
0 0.3720833333333333 0.3983333333333333 0.03916666666666667 0.056666666666666664
0 0.4875 0.40958333333333335 0.04 0.059166666666666666
0 0.5708333333333333 0.40708333333333335 0.07 0.09583333333333334
0 0.63625 0.39875 0.035833333333333335 0.04416666666666667
0 0.7758333333333334 0.41291666666666665 0.043333333333333335 0.0575
0 0.9225 0.40458333333333335 0.051666666666666666 0.059166666666666666
