3 0.76796875 0.60859375 0.0734375 0.1515625
3 0.65859375 0.534375 0.0609375 0.1125
3 0.71328125 0.5234375 0.0578125 0.11875
3 0.878125 0.50546875 0.04375 0.0734375
3 0.55859375 0.55390625 0.0671875 0.1296875
3 0.41953125 0.540625 0.0953125 0.128125
3 0.26171875 0.60078125 0.0734375 0.2015625
3 0.31484375 0.565625 0.0484375 0.146875
3 0.33828125 0.525 0.0515625 0.125
3 0.5140625 0.4984375 0.040625 0.10625
3 0.21171875 0.5109375 0.0640625 0.10625
0 0.2171875 0.434375 0.053125 0.08125
1 0.26796875 0.46484375 0.0640625 0.0828125
0 0.32109375 0.44140625 0.0515625 0.0796875
1 0.42578125 0.45078125 0.0671875 0.0953125
1 0.5015625 0.428125 0.0375 0.053125
1 0.5421875 0.43046875 0.05 0.0796875
1 0.56484375 0.46171875 0.0484375 0.0734375
0 0.59296875 0.42890625 0.0390625 0.0765625
1 0.6609375 0.459375 0.05625 0.078125
0 0.7125 0.43828125 0.04375 0.0734375
0 0.7875 0.434375 0.04375 0.06875
1 0.7671875 0.496875 0.053125 0.0875
