3 0.9375 0.209375 0.125 0.30625
3 0.653125 0.7578125 0.175 0.303125
3 0.4546875 0.40546875 0.14375 0.2734375
3 0.3203125 0.509375 0.1375 0.315625
3 0.21171875 0.73203125 0.0859375 0.1515625
3 0.69140625 0.1828125 0.0640625 0.1125
3 0.58984375 0.15703125 0.0484375 0.0984375
0 0.43515625 0.20625 0.1046875 0.1625
0 0.6296875 0.54375 0.109375 0.153125
0 0.3359375 0.28125 0.115625 0.171875
0 0.23203125 0.62578125 0.0640625 0.1203125
0 0.70703125 0.09765625 0.0453125 0.0671875
0 0.59140625 0.10234375 0.0390625 0.0578125
