3 0.9015625 0.54921875 0.125 0.2984375
3 0.62109375 0.625 0.1296875 0.421875
3 0.240625 0.44140625 0.16875 0.2578125
3 0.078125 0.4546875 0.121875 0.215625
1 0.8953125 0.34140625 0.09375 0.1359375
1 0.625 0.34296875 0.1375 0.1890625
1 0.24921875 0.240625 0.1046875 0.165625
1 0.1625 0.2953125 0.09375 0.1375
1 0.07265625 0.3234375 0.0921875 0.11875
3 0.409375 0.4140625 0.065625 0.153125
0 0.40625 0.30703125 0.053125 0.0984375
3 0.35078125 0.4078125 0.0578125 0.128125
1 0.32734375 0.3203125 0.0546875 0.075
