3 0.03515625 0.46328125 0.0671875 0.2171875
3 0.1375 0.478125 0.075 0.190625
3 0.2 0.47578125 0.053125 0.1953125
3 0.24140625 0.45390625 0.0703125 0.2046875
3 0.30625 0.45 0.10625 0.19375
3 0.42421875 0.45 0.1421875 0.165625
3 0.60859375 0.45 0.1203125 0.23125
1 0.025 0.3171875 0.046875 0.10625
1 0.15078125 0.33125 0.0828125 0.115625
1 0.2390625 0.30859375 0.06875 0.1046875
1 0.31328125 0.31015625 0.0765625 0.1328125
1 0.41796875 0.33359375 0.0765625 0.1203125
1 0.5859375 0.29609375 0.06875 0.1296875
