3 0.21484375 0.61875 0.1703125 0.44375
3 0.12265625 0.7125 0.2421875 0.575
3 0.3484375 0.496875 0.109375 0.246875
3 0.48359375 0.51484375 0.1671875 0.3015625
3 0.6125 0.50859375 0.103125 0.2484375
3 0.7109375 0.49375 0.134375 0.26875
3 0.86171875 0.509375 0.1640625 0.309375
1 0.09375 0.26796875 0.175 0.2796875
0 0.21328125 0.31015625 0.1296875 0.2359375
0 0.3515625 0.31796875 0.090625 0.1703125
0 0.475 0.2953125 0.1 0.196875
0 0.596875 0.34140625 0.071875 0.1390625
0 0.71015625 0.3125 0.0890625 0.1625
0 0.9484375 0.32109375 0.078125 0.1390625
0 0.87265625 0.2953125 0.1109375 0.190625
