0 0.1078125 0.35625 0.06875 0.103125
0 0.22578125 0.38203125 0.0765625 0.1421875
0 0.3390625 0.38828125 0.078125 0.1359375
0 0.4703125 0.384375 0.075 0.13125
0 0.61875 0.371875 0.078125 0.115625
0 0.684375 0.39609375 0.0625 0.0984375
0 0.7640625 0.37890625 0.0625 0.0953125
0 0.89609375 0.40078125 0.0703125 0.1234375
3 0.10234375 0.5171875 0.1140625 0.20625
3 0.20859375 0.54375 0.0921875 0.24375
3 0.34140625 0.5046875 0.1390625 0.159375
3 0.4640625 0.51484375 0.115625 0.1640625
3 0.60859375 0.503125 0.1109375 0.15625
3 0.6921875 0.52734375 0.075 0.1703125
3 0.76875 0.4890625 0.0875 0.134375
3 0.89296875 0.51171875 0.1171875 0.1484375
