3 0.84296875 0.4140625 0.1359375 0.2125
3 0.64765625 0.44765625 0.1296875 0.2265625
3 0.50390625 0.45625 0.1296875 0.209375
3 0.35078125 0.41796875 0.1546875 0.1953125
3 0.11484375 0.42890625 0.1796875 0.2171875
3 0.2078125 0.38515625 0.084375 0.1734375
0 0.1125 0.2546875 0.0875 0.153125
0 0.346875 0.26171875 0.08125 0.1640625
0 0.51171875 0.271875 0.0859375 0.16875
0 0.45078125 0.26796875 0.0765625 0.1609375
0 0.62734375 0.26015625 0.0890625 0.1484375
0 0.8296875 0.23671875 0.109375 0.1828125
0 0.75546875 0.30390625 0.0609375 0.1046875
0 0.70078125 0.31328125 0.0578125 0.0953125
1 0.2796875 0.26640625 0.05 0.1078125
1 0.22265625 0.2734375 0.0796875 0.121875
