3 0.0984375 0.5609375 0.1125 0.215625
3 0.32265625 0.5328125 0.0796875 0.165625
3 0.3390625 0.62265625 0.096875 0.2046875
3 0.4609375 0.52109375 0.1 0.2265625
3 0.63515625 0.55234375 0.1296875 0.2046875
3 0.78125 0.46484375 0.121875 0.2234375
0 0.09765625 0.41796875 0.0703125 0.1328125
0 0.3890625 0.51875 0.084375 0.175
0 0.33828125 0.409375 0.0703125 0.128125
0 0.46328125 0.3703125 0.0640625 0.15
0 0.61328125 0.41484375 0.0921875 0.1453125
0 0.7296875 0.3140625 0.090625 0.153125
0 0.70625 0.4171875 0.05 0.121875
