3 0.803125 0.55 0.18125 0.359375
3 0.465625 0.53984375 0.171875 0.2578125
3 0.2 0.52265625 0.19375 0.3859375
3 0.5875 0.5625 0.078125 0.259375
3 0.075 0.49375 0.08125 0.228125
0 0.0359375 0.33828125 0.0625 0.1328125
0 0.10234375 0.328125 0.0765625 0.146875
0 0.334375 0.34375 0.05625 0.09375
1 0.37421875 0.32109375 0.0921875 0.1515625
1 0.2 0.26953125 0.125 0.1953125
1 0.475 0.33984375 0.121875 0.1921875
1 0.5875 0.3828125 0.071875 0.134375
1 0.7796875 0.29140625 0.14375 0.2078125
0 0.86015625 0.33984375 0.0609375 0.1203125
