3 0.92265625 0.653125 0.1203125 0.275
3 0.7578125 0.55234375 0.0875 0.1765625
3 0.8359375 0.5640625 0.059375 0.190625
3 0.66484375 0.60625 0.0828125 0.24375
3 0.5625 0.58515625 0.109375 0.2078125
3 0.47109375 0.578125 0.0796875 0.221875
3 0.36953125 0.553125 0.0890625 0.209375
3 0.26328125 0.56015625 0.0953125 0.2109375
3 0.15625 0.5375 0.1 0.19375
3 0.08125 0.54453125 0.0625 0.1703125
1 0.08984375 0.43359375 0.0515625 0.0734375
1 0.15 0.41484375 0.0625 0.0984375
1 0.26796875 0.421875 0.0609375 0.09375
1 0.35546875 0.43359375 0.0578125 0.0921875
1 0.4640625 0.4453125 0.06875 0.10625
1 0.55 0.45546875 0.0625 0.1140625
1 0.634375 0.43203125 0.075 0.1296875
1 0.87578125 0.4625 0.1109375 0.153125
1 0.7671875 0.43203125 0.059375 0.1015625
