3 0.8421875 0.5265625 0.071875 0.159375
3 0.6359375 0.56640625 0.0875 0.1765625
3 0.4890625 0.6015625 0.08125 0.1875
3 0.30078125 0.6171875 0.0953125 0.19375
3 0.16015625 0.63046875 0.0828125 0.1671875
3 0.05 0.625 0.075 0.15
1 0.03671875 0.52265625 0.0453125 0.0703125
1 0.15078125 0.51640625 0.0484375 0.1015625
1 0.303125 0.4875 0.05625 0.1
1 0.346875 0.48046875 0.040625 0.0703125
1 0.38984375 0.475 0.0328125 0.059375
1 0.4453125 0.4828125 0.034375 0.071875
1 0.4984375 0.47734375 0.0625 0.1140625
1 0.6484375 0.44609375 0.0625 0.0890625
1 0.8546875 0.42421875 0.059375 0.0796875
