3 0.7765625 0.5296875 0.15625 0.4125
3 0.89609375 0.478125 0.0953125 0.28125
3 0.5984375 0.49140625 0.153125 0.3265625
3 0.3484375 0.4625 0.15625 0.296875
3 0.165625 0.54453125 0.15625 0.3515625
1 0.1734375 0.28046875 0.1375 0.2046875
1 0.34453125 0.2546875 0.0984375 0.175
1 0.56875 0.26328125 0.1 0.1796875
1 0.73828125 0.24140625 0.1421875 0.2421875
1 0.8640625 0.29453125 0.078125 0.1515625
3 0.4921875 0.4625 0.08125 0.20625
3 0.034375 0.4578125 0.065625 0.178125
1 0.09375 0.31171875 0.06875 0.1015625
1 0.03046875 0.3359375 0.0578125 0.103125
