0 0.80625 0.46484375 0.109375 0.1609375
0 0.61171875 0.4640625 0.0890625 0.134375
0 0.4890625 0.51484375 0.075 0.1234375
0 0.409375 0.52265625 0.065625 0.1296875
0 0.2859375 0.52421875 0.075 0.1234375
0 0.21640625 0.52890625 0.0671875 0.1421875
0 0.14921875 0.496875 0.0859375 0.15625
3 0.1453125 0.73203125 0.115625 0.3328125
3 0.2796875 0.70625 0.1125 0.3
3 0.4109375 0.70703125 0.103125 0.2765625
3 0.5046875 0.7046875 0.1 0.28125
3 0.6296875 0.6859375 0.0875 0.321875
3 0.8046875 0.66796875 0.140625 0.2921875
