0 0.04609375 0.57890625 0.0453125 0.0703125
0 0.07734375 0.56328125 0.0390625 0.0640625
0 0.13046875 0.5625 0.0453125 0.071875
0 0.20234375 0.58828125 0.0390625 0.0796875
0 0.26796875 0.575 0.0484375 0.071875
0 0.31171875 0.5578125 0.0484375 0.071875
0 0.91171875 0.5546875 0.0609375 0.096875
3 0.89140625 0.68203125 0.0984375 0.1921875
3 0.33203125 0.67109375 0.0671875 0.1421875
3 0.27578125 0.6796875 0.0765625 0.146875
3 0.20546875 0.6984375 0.0671875 0.15
3 0.12890625 0.68984375 0.0734375 0.1921875
3 0.053125 0.68125 0.065625 0.14375
