0 0.084375 0.38203125 0.096875 0.1828125
0 0.203125 0.36484375 0.09375 0.1734375
0 0.37109375 0.32421875 0.0828125 0.1703125
0 0.45 0.2984375 0.128125 0.225
0 0.525 0.36640625 0.05 0.1109375
0 0.59453125 0.34375 0.0828125 0.153125
0 0.7390625 0.25 0.121875 0.21875
0 0.81796875 0.2765625 0.0734375 0.190625
3 0.07109375 0.62578125 0.1390625 0.3296875
3 0.20859375 0.61171875 0.1671875 0.3296875
3 0.45625 0.6546875 0.184375 0.475
3 0.6171875 0.58515625 0.0875 0.3546875
3 0.76171875 0.575 0.2140625 0.390625
3 0.94296875 0.50234375 0.1140625 0.5765625
