3 0.9234375 0.43359375 0.059375 0.1359375
3 0.8359375 0.4109375 0.134375 0.203125
3 0.65 0.4328125 0.103125 0.1875
3 0.528125 0.403125 0.0625 0.146875
3 0.4453125 0.40390625 0.109375 0.1765625
3 0.33984375 0.39453125 0.1046875 0.1734375
3 0.1921875 0.3890625 0.134375 0.196875
0 0.1953125 0.246875 0.084375 0.1375
0 0.35 0.2609375 0.071875 0.13125
0 0.45390625 0.2640625 0.0671875 0.125
0 0.53125 0.30234375 0.05625 0.0859375
0 0.65234375 0.3125 0.0578125 0.121875
0 0.85546875 0.27265625 0.0734375 0.1453125
0 0.9125 0.32890625 0.05625 0.1171875
