0 0.3015625 0.43828125 0.071875 0.1296875
0 0.52421875 0.41953125 0.0734375 0.1390625
0 0.36796875 0.4 0.0609375 0.128125
0 0.45859375 0.40703125 0.0578125 0.1328125
0 0.40703125 0.3921875 0.0640625 0.134375
0 0.70625 0.446875 0.09375 0.15
0 0.721875 0.3578125 0.06875 0.115625
0 0.77265625 0.38828125 0.0484375 0.1046875
0 0.8578125 0.44140625 0.096875 0.1703125
0 0.9390625 0.3859375 0.059375 0.096875
3 0.871875 0.64453125 0.128125 0.2390625
3 0.71796875 0.6125 0.1390625 0.19375
3 0.5421875 0.57734375 0.121875 0.1734375
3 0.46328125 0.54609375 0.0765625 0.1734375
3 0.41796875 0.52578125 0.0546875 0.1578125
3 0.36953125 0.521875 0.0671875 0.140625
3 0.3171875 0.55078125 0.06875 0.1859375
3 0.78125 0.53984375 0.078125 0.2484375
3 0.96875 0.50234375 0.0625 0.1796875
