3 0.16796875 0.490625 0.1234375 0.23125
3 0.25703125 0.4125 0.0296875 0.075
3 0.34296875 0.44453125 0.0671875 0.1328125
3 0.44375 0.478125 0.096875 0.184375
3 0.846875 0.45 0.1 0.165625
3 0.60234375 0.43671875 0.0984375 0.1484375
3 0.54140625 0.4375 0.0453125 0.125
0 0.17578125 0.32734375 0.0734375 0.1328125
0 0.340625 0.35703125 0.04375 0.0734375
0 0.39296875 0.34609375 0.0359375 0.0671875
0 0.446875 0.340625 0.05625 0.109375
0 0.55625 0.3484375 0.04375 0.065625
0 0.60390625 0.31171875 0.0609375 0.1140625
0 0.85078125 0.31953125 0.0578125 0.1015625
