0 0.146875 0.4890625 0.04375 0.084375
0 0.971875 0.67734375 0.05625 0.0796875
0 0.93203125 0.4453125 0.0546875 0.075
0 0.66875 0.2 0.046875 0.078125
0 0.64140625 0.32578125 0.0328125 0.0703125
0 0.51328125 0.32578125 0.0421875 0.0734375
0 0.5328125 0.2796875 0.046875 0.053125
0 0.48125 0.05625 0.053125 0.075
0 0.3328125 0.20703125 0.04375 0.0609375
0 0.171875 0.18828125 0.040625 0.0609375
0 0.2421875 0.321875 0.05625 0.075
3 0.134375 0.57578125 0.08125 0.1390625
3 0.96640625 0.7875 0.0671875 0.159375
3 0.934375 0.528125 0.090625 0.115625
3 0.68515625 0.29140625 0.0484375 0.1328125
3 0.64921875 0.43046875 0.0734375 0.1359375
3 0.5703125 0.33515625 0.046875 0.1234375
3 0.5234375 0.4046875 0.0625 0.125
3 0.32890625 0.2890625 0.0671875 0.125
3 0.25546875 0.40859375 0.0640625 0.1203125
3 0.1734375 0.2625 0.06875 0.125
3 0.4828125 0.140625 0.059375 0.115625
