0 0.253125 0.36328125 0.040625 0.0765625
0 0.30078125 0.36328125 0.0453125 0.0765625
0 0.346875 0.3359375 0.059375 0.1125
0 0.4390625 0.353125 0.046875 0.096875
0 0.40546875 0.35390625 0.0265625 0.0671875
0 0.3828125 0.35625 0.03125 0.059375
0 0.48828125 0.35390625 0.0328125 0.0609375
0 0.55 0.35 0.059375 0.1125
0 0.59375 0.36171875 0.034375 0.0703125
0 0.62734375 0.3359375 0.0515625 0.090625
0 0.67421875 0.33203125 0.0609375 0.1109375
0 0.7421875 0.3171875 0.05 0.096875
3 0.77109375 0.4671875 0.0796875 0.20625
3 0.68125 0.490625 0.1125 0.225
3 0.54453125 0.4859375 0.1015625 0.2
3 0.44375 0.48828125 0.075 0.1921875
3 0.3515625 0.49921875 0.125 0.2140625
3 0.24921875 0.4671875 0.0640625 0.153125
