1 0.0328125 0.4296875 0.05 0.0875
1 0.13359375 0.3546875 0.0765625 0.134375
1 0.20546875 0.3828125 0.0765625 0.128125
1 0.31953125 0.4015625 0.0671875 0.1125
1 0.41484375 0.33984375 0.0703125 0.1359375
1 0.65234375 0.3484375 0.0796875 0.121875
1 0.75859375 0.353125 0.0921875 0.153125
3 0.03671875 0.5515625 0.0703125 0.16875
3 0.13125 0.578125 0.13125 0.309375
3 0.228125 0.571875 0.090625 0.28125
3 0.3140625 0.58515625 0.1 0.2953125
3 0.434375 0.54609375 0.140625 0.3171875
3 0.671875 0.54453125 0.096875 0.3109375
3 0.78671875 0.5828125 0.1328125 0.346875
