0 0.0734375 0.42578125 0.090625 0.1390625
0 0.26015625 0.39453125 0.0859375 0.1296875
0 0.46953125 0.4203125 0.0484375 0.071875
0 0.54296875 0.4125 0.0390625 0.078125
0 0.5984375 0.3828125 0.06875 0.1375
0 0.65625 0.384375 0.046875 0.084375
0 0.7390625 0.35703125 0.09375 0.1640625
0 0.90625 0.43046875 0.06875 0.1265625
0 0.8515625 0.4078125 0.0625 0.109375
0 0.80546875 0.4125 0.0421875 0.096875
3 0.0875 0.61015625 0.14375 0.2515625
3 0.2671875 0.584375 0.121875 0.25625
3 0.90859375 0.596875 0.1265625 0.234375
3 0.73984375 0.57109375 0.1515625 0.3046875
3 0.6015625 0.57734375 0.13125 0.2765625
3 0.4765625 0.50703125 0.071875 0.1296875
