0 0.19140625 0.26796875 0.1328125 0.2015625
0 0.303125 0.3390625 0.084375 0.159375
0 0.4171875 0.35 0.0875 0.13125
0 0.565625 0.3015625 0.096875 0.165625
0 0.66015625 0.3078125 0.0828125 0.146875
0 0.925 0.321875 0.15 0.278125
0 0.7875 0.29375 0.09375 0.175
0 0.8359375 0.33125 0.0875 0.225
3 0.15390625 0.5265625 0.2015625 0.35625
3 0.30703125 0.56796875 0.1046875 0.3359375
3 0.42890625 0.54296875 0.1390625 0.2984375
3 0.58359375 0.55 0.1515625 0.35
3 0.6890625 0.52265625 0.06875 0.3421875
3 0.7703125 0.53359375 0.1125 0.3265625
3 0.8328125 0.64765625 0.103125 0.4328125
3 0.9234375 0.70625 0.153125 0.534375
