0 0.188 0.7259358288770054 0.052 0.06149732620320856
0 0.597 0.6885026737967914 0.042 0.06149732620320856
0 0.308 0.5962566844919787 0.044 0.0481283422459893
0 0.481 0.4786096256684492 0.034 0.0427807486631016
0 0.549 0.38235294117647056 0.034 0.03208556149732621
0 0.674 0.32219251336898397 0.024 0.034759358288770054
0 0.659 0.36363636363636365 0.03 0.0374331550802139
3 0.194 0.8155080213903744 0.084 0.13368983957219252
3 0.595 0.7874331550802139 0.062 0.12032085561497326
3 0.306 0.6671122994652406 0.06 0.10427807486631016
3 0.432 0.6229946524064172 0.064 0.11764705882352941
1 0.435 0.5601604278074866 0.038 0.06149732620320856
3 0.483 0.5521390374331551 0.042 0.09893048128342247
3 0.548 0.5013368983957219 0.044 0.09893048128342247
3 0.652 0.42914438502673796 0.04 0.09893048128342247
3 0.567 0.4585561497326203 0.042 0.11497326203208556
