0 0.737 0.18768768768768768 0.078 0.06906906906906907
0 0.536 0.24324324324324326 0.06 0.0960960960960961
0 0.352 0.31981981981981983 0.044 0.03903903903903904
0 0.308 0.3708708708708709 0.04 0.03303303303303303
0 0.237 0.39039039039039036 0.042 0.036036036036036036
0 0.138 0.4444444444444444 0.036 0.036036036036036036
3 0.736 0.3033033033033033 0.072 0.16216216216216217
3 0.537 0.35735735735735735 0.082 0.17417417417417416
3 0.352 0.4219219219219219 0.06 0.15915915915915915
3 0.299 0.44894894894894893 0.046 0.10510510510510511
3 0.231 0.4774774774774775 0.066 0.13813813813813813
3 0.123 0.5 0.058 0.09309309309309309
