2 0.363 0.5958005249343832 0.11 0.1679790026246719
2 0.507 0.6128608923884514 0.102 0.16010498687664043
2 0.587 0.6286089238845144 0.106 0.2335958005249344
2 0.697 0.6036745406824147 0.09 0.1732283464566929
0 0.375 0.4816272965879265 0.054 0.06561679790026247
0 0.485 0.4671916010498688 0.05 0.06299212598425197
0 0.515 0.47506561679790027 0.062 0.06299212598425197
0 0.589 0.4816272965879265 0.058 0.08136482939632546
0 0.7 0.4881889763779528 0.06 0.10498687664041995
2 0.442 0.6089238845144357 0.04 0.1942257217847769
