0 0.10721442885771543 0.32680722891566266 0.21042084168336672 0.3463855421686747
0 0.2935871743486974 0.3930722891566265 0.12625250501002003 0.1716867469879518
0 0.5080160320641283 0.48343373493975905 0.07414829659318638 0.1355421686746988
0 0.905811623246493 0.3463855421686747 0.18837675350701402 0.29518072289156627
0 0.7384769539078156 0.4292168674698795 0.11022044088176353 0.20180722891566266
0 0.7354709418837675 0.35542168674698793 0.08817635270541083 0.0963855421686747
3 0.08817635270541083 0.7198795180722891 0.17234468937875752 0.5060240963855421
3 0.2595190380761523 0.6460843373493976 0.23446893787575152 0.4246987951807229
3 0.5090180360721442 0.5993975903614458 0.1402805611222445 0.14457831325301204
3 0.7414829659318637 0.6566265060240963 0.17635270541082165 0.3674698795180723
3 0.9048096192384769 0.7439759036144579 0.1903807615230461 0.5120481927710844
