2 0.546156577312267 0.3695478723404255 0.13758210545002664 0.26941489361702126
2 0.4019172732114326 0.3086436170212766 0.1153914432806675 0.2247340425531915
3 0.10722527960234333 0.5131648936170212 0.21409550860997692 0.40664893617021275
1 0.08858512338008166 0.18856382978723404 0.16580862772945146 0.22925531914893618
1 0.39517131191194743 0.1464095744680851 0.09976921711343867 0.11409574468085107
1 0.5453577134741701 0.15425531914893617 0.12355760695899165 0.17180851063829788
1 0.6230250310669271 0.1824468085106383 0.07012249245517486 0.10212765957446808
2 0.9515355938221196 0.15917553191489361 0.0969288123557607 0.1949468085106383
1 0.15924019172732115 0.16156914893617022 0.042961121959879285 0.05877659574468085
1 0.36188531865790874 0.09654255319148936 0.06160127818214096 0.06170212765957447
