0 0.57 0.25379939209726443 0.1 0.11854103343465046
0 0.233 0.24012158054711247 0.07 0.0668693009118541
0 0.493 0.2917933130699088 0.07 0.0790273556231003
3 0.888 0.6094224924012158 0.224 0.45288753799392095
2 0.57 0.5851063829787234 0.196 0.47720364741641336
3 0.356 0.668693009118541 0.232 0.547112462006079
3 0.184 0.5835866261398176 0.128 0.4194528875379939
1 0.359 0.3221884498480243 0.142 0.24316109422492402
1 0.182 0.32370820668693007 0.096 0.18541033434650456
1 0.903 0.3009118541033435 0.118 0.2188449848024316
