0 0.117 0.32085561497326204 0.066 0.10160427807486631
0 0.215 0.3114973262032086 0.066 0.12032085561497326
0 0.21 0.5574866310160428 0.064 0.13636363636363635
0 0.268 0.48128342245989303 0.068 0.11764705882352941
0 0.343 0.5280748663101604 0.07 0.13101604278074866
0 0.426 0.4090909090909091 0.068 0.06951871657754011
0 0.332 0.24598930481283424 0.06 0.12834224598930483
0 0.409 0.28475935828877 0.062 0.10962566844919786
0 0.503 0.22727272727272727 0.07 0.11764705882352941
0 0.545 0.2606951871657754 0.062 0.13101604278074866
0 0.605 0.2887700534759358 0.062 0.10695187165775401
0 0.666 0.28475935828877 0.068 0.12032085561497326
0 0.73 0.24866310160427807 0.068 0.12299465240641712
0 0.85 0.27406417112299464 0.08 0.13636363636363635
3 0.11 0.47593582887700536 0.128 0.23529411764705882
3 0.221 0.42780748663101603 0.118 0.17647058823529413
3 0.331 0.38636363636363635 0.114 0.18983957219251338
3 0.197 0.6898395721925134 0.146 0.22994652406417113
3 0.342 0.6671122994652406 0.156 0.21657754010695188
3 0.435 0.5601604278074866 0.142 0.20588235294117646
3 0.416 0.3850267379679144 0.108 0.1497326203208556
3 0.504 0.37433155080213903 0.104 0.20855614973262032
3 0.548 0.4411764705882353 0.108 0.24064171122994651
3 0.604 0.43315508021390375 0.096 0.22994652406417113
3 0.666 0.43983957219251335 0.112 0.21122994652406418
3 0.752 0.42379679144385024 0.12 0.2967914438502674
3 0.864 0.42112299465240643 0.168 0.22727272727272727
