2 0.7562759767248546 0.3591869483819203 0.14098088113050705 0.33270928055629845
2 0.4679966749792186 0.3511634126771864 0.17888611803823773 0.2460550949451725
0 0.585785536159601 0.24966568601230277 0.09260182876142976 0.2035303557100829
0 0.7324189526184539 0.15512169029152179 0.10922693266832918 0.18133190692698584
0 0.12477140482128013 0.34100026745119016 0.050374064837905234 0.10377106178122493
2 0.1083956774729842 0.44757956672907195 0.07514546965918537 0.16127306766515112
0 0.28744804655029094 0.36948381920299544 0.050207813798836244 0.07836319871623429
2 0.2837073981712386 0.4713827226531158 0.06500415627597672 0.14415619149505216
2 0.3763923524522028 0.5391815993581172 0.0771404821280133 0.127306766515111
0 0.6860349127182045 0.31305161807970044 0.04937655860349127 0.055897298742979405
2 0.6746467165419784 0.4364803423375234 0.059850374064837904 0.16688954265846484
