0 0.154 0.2733333333333333 0.052 0.06133333333333333
0 0.385 0.348 0.058 0.08266666666666667
0 0.386 0.244 0.032 0.04533333333333334
0 0.525 0.232 0.046 0.048
0 0.564 0.268 0.032 0.04533333333333334
0 0.667 0.2613333333333333 0.046 0.05333333333333334
0 0.748 0.2613333333333333 0.044 0.048
3 0.147 0.43733333333333335 0.118 0.22933333333333333
3 0.213 0.364 0.054 0.09333333333333334
3 0.301 0.35333333333333333 0.07 0.088
3 0.382 0.5066666666666667 0.152 0.21866666666666668
3 0.524 0.3586666666666667 0.112 0.17333333333333334
3 0.667 0.388 0.106 0.17333333333333334
3 0.749 0.348 0.066 0.12
3 0.926 0.37333333333333335 0.092 0.144
