0 0.126 0.44666666666666666 0.044 0.04
0 0.188 0.48133333333333334 0.04 0.050666666666666665
0 0.831 0.49866666666666665 0.034 0.037333333333333336
0 0.796 0.4666666666666667 0.036 0.032
0 0.762 0.47333333333333333 0.04 0.034666666666666665
0 0.725 0.45866666666666667 0.038 0.042666666666666665
0 0.691 0.496 0.038 0.037333333333333336
0 0.674 0.48 0.036 0.032
0 0.629 0.4826666666666667 0.05 0.05333333333333334
0 0.566 0.4493333333333333 0.044 0.04533333333333334
0 0.489 0.468 0.038 0.050666666666666665
0 0.409 0.476 0.038 0.04533333333333334
0 0.54 0.4613333333333333 0.032 0.042666666666666665
3 0.121 0.5466666666666666 0.086 0.16
3 0.186 0.5746666666666667 0.06 0.14133333333333334
3 0.229 0.576 0.074 0.16533333333333333
3 0.326 0.5333333333333333 0.088 0.15466666666666667
3 0.406 0.5853333333333334 0.08 0.14133333333333334
3 0.485 0.5813333333333334 0.082 0.17066666666666666
3 0.562 0.5786666666666667 0.084 0.18666666666666668
3 0.626 0.6373333333333333 0.092 0.21333333333333335
3 0.719 0.564 0.054 0.152
3 0.769 0.5693333333333334 0.054 0.15733333333333333
3 0.792 0.576 0.04 0.16533333333333333
3 0.83 0.5933333333333334 0.052 0.14666666666666667
