0 0.23947895791583165 0.3473053892215569 0.12625250501002003 0.20359281437125748
0 0.5400801603206413 0.3203592814371258 0.05410821643286573 0.09580838323353294
0 0.6232464929859719 0.31736526946107785 0.06813627254509018 0.12574850299401197
0 0.6953907815631263 0.3413173652694611 0.09218436873747494 0.19760479041916168
3 0.24348697394789579 0.6422155688622755 0.218436873747495 0.44011976047904194
3 0.7284569138276553 0.6482035928143712 0.21442885771543085 0.47604790419161674
3 0.5501002004008017 0.45808383233532934 0.11022044088176353 0.2155688622754491
3 0.6172344689378757 0.49700598802395207 0.06813627254509018 0.281437125748503
3 0.7945891783567134 0.42664670658682635 0.11022044088176353 0.15868263473053892
0 0.7595190380761523 0.3338323353293413 0.06412825651302605 0.12874251497005987
