0 0.12024048096192384 0.2125748502994012 0.08817635270541083 0.17365269461077845
0 0.3226452905811623 0.13323353293413173 0.08016032064128256 0.15269461077844312
0 0.45791583166332667 0.09580838323353294 0.0781563126252505 0.09580838323353294
0 0.48997995991983967 0.26646706586826346 0.1462925851703407 0.2994011976047904
0 0.6012024048096193 0.10479041916167664 0.0841683366733467 0.1497005988023952
0 0.7284569138276553 0.26047904191616766 0.19839679358717435 0.31736526946107785
0 0.8687374749498998 0.23652694610778444 0.2625250501002004 0.46706586826347307
3 0.05911823647294589 0.4341317365269461 0.11422845691382766 0.437125748502994
3 0.14829659318637275 0.4281437125748503 0.13226452905811623 0.40119760479041916
3 0.3366733466933868 0.33682634730538924 0.16032064128256512 0.3383233532934132
3 0.5420841683366734 0.6152694610778443 0.21442885771543085 0.5898203592814372
3 0.8557114228456913 0.7350299401197605 0.28857715430861725 0.5299401197604791
3 0.8056112224448898 0.6841317365269461 0.18837675350701402 0.6317365269461078
3 0.62625250501002 0.38622754491017963 0.12625250501002003 0.4311377245508982
0 0.6593186372745491 0.10029940119760479 0.052104208416833664 0.06287425149700598
