0 0.12324649298597194 0.4036144578313253 0.09018036072144289 0.1566265060240964
0 0.2685370741482966 0.34186746987951805 0.10420841683366733 0.16566265060240964
0 0.3867735470941884 0.34036144578313254 0.10420841683366733 0.20481927710843373
0 0.5 0.34789156626506024 0.09018036072144289 0.15963855421686746
0 0.5961923847695391 0.4066265060240964 0.09418837675350701 0.16265060240963855
0 0.7154308617234469 0.3192771084337349 0.07615230460921844 0.14457831325301204
0 0.8366733466933868 0.29819277108433734 0.1062124248496994 0.18072289156626506
3 0.13927855711422846 0.6054216867469879 0.1342685370741483 0.28313253012048195
3 0.2605210420841683 0.5737951807228916 0.14428857715430862 0.32831325301204817
3 0.3877755511022044 0.5737951807228916 0.21042084168336672 0.32831325301204817
3 0.594188376753507 0.6310240963855421 0.21042084168336672 0.32831325301204817
3 0.7344689378757515 0.5542168674698795 0.13026052104208416 0.3373493975903614
3 0.8466933867735471 0.5271084337349398 0.13026052104208416 0.3373493975903614
3 0.5060120240480962 0.48493975903614456 0.12224448897795591 0.22289156626506024
3 0.19839679358717435 0.4759036144578313 0.07214428857715431 0.18674698795180722
