0 0.123 0.4533333333333333 0.094 0.15466666666666667
0 0.25 0.4573333333333333 0.084 0.12533333333333332
0 0.331 0.456 0.062 0.10666666666666667
3 0.091 0.616 0.134 0.2613333333333333
3 0.238 0.5826666666666667 0.12 0.2
3 0.324 0.5626666666666666 0.084 0.176
3 0.395 0.54 0.082 0.17333333333333334
3 0.456 0.5146666666666667 0.072 0.128
3 0.53 0.552 0.1 0.21333333333333335
3 0.655 0.5013333333333333 0.058 0.11733333333333333
3 0.712 0.508 0.072 0.14133333333333334
3 0.783 0.5213333333333333 0.066 0.136
0 0.403 0.436 0.058 0.09333333333333334
0 0.512 0.396 0.076 0.07733333333333334
0 0.65 0.4266666666666667 0.048 0.058666666666666666
0 0.701 0.404 0.05 0.056
0 0.779 0.408 0.038 0.042666666666666665
