0 0.10721442885771543 0.3313253012048193 0.08617234468937876 0.1927710843373494
0 0.1963927855711423 0.34186746987951805 0.11222444889779559 0.22590361445783133
0 0.32965931863727455 0.48343373493975905 0.09018036072144289 0.12951807228915663
0 0.4619238476953908 0.34789156626506024 0.10220440881763528 0.20783132530120482
0 0.6202404809619239 0.28463855421686746 0.09018036072144289 0.20180722891566266
0 0.8376753507014028 0.2891566265060241 0.13627254509018036 0.23493975903614459
3 0.09218436873747494 0.5572289156626506 0.16032064128256512 0.3192771084337349
3 0.19839679358717435 0.5873493975903614 0.17234468937875752 0.3493975903614458
3 0.3346693386773547 0.516566265060241 0.156312625250501 0.2680722891566265
1 0.32364729458917835 0.30873493975903615 0.12224448897795591 0.19578313253012047
3 0.4619238476953908 0.572289156626506 0.22244488977955912 0.3253012048192771
3 0.6202404809619239 0.5045180722891566 0.16633266533066132 0.31626506024096385
3 0.845691382765531 0.5256024096385542 0.16032064128256512 0.32831325301204817
