2 0.198 0.7792792792792793 0.072 0.23723723723723725
2 0.269 0.8618618618618619 0.138 0.23423423423423423
2 0.378 0.7282282282282282 0.084 0.17117117117117117
2 0.491 0.8138138138138138 0.094 0.1981981981981982
2 0.564 0.8603603603603603 0.112 0.27927927927927926
2 0.722 0.8108108108108109 0.128 0.27627627627627627
0 0.226 0.6306306306306306 0.08 0.12012012012012012
0 0.28 0.7057057057057057 0.092 0.14414414414414414
0 0.392 0.6186186186186187 0.052 0.08408408408408409
0 0.492 0.6726726726726727 0.056 0.10810810810810811
0 0.56 0.6636636636636637 0.068 0.10810810810810811
0 0.693 0.6261261261261262 0.078 0.14114114114114115
