2 0.192 0.6621621621621622 0.184 0.3933933933933934
2 0.328 0.6516516516516516 0.112 0.3003003003003003
2 0.468 0.6846846846846847 0.16 0.43243243243243246
2 0.733 0.7972972972972973 0.19 0.40540540540540543
2 0.913 0.5480480480480481 0.094 0.17117117117117117
0 0.179 0.38738738738738737 0.106 0.16216216216216217
0 0.308 0.45045045045045046 0.08 0.13213213213213212
0 0.425 0.4159159159159159 0.118 0.2012012012012012
0 0.547 0.41291291291291293 0.09 0.16516516516516516
0 0.705 0.4084084084084084 0.15 0.15615615615615616
0 0.816 0.4369369369369369 0.06 0.08108108108108109
1 0.903 0.4219219219219219 0.07 0.10510510510510511
