0 0.318 0.33933933933933935 0.076 0.12012012012012012
0 0.426 0.35585585585585583 0.044 0.06306306306306306
0 0.498 0.36036036036036034 0.044 0.06606606606606606
0 0.634 0.3258258258258258 0.052 0.0990990990990991
0 0.714 0.3708708708708709 0.052 0.08708708708708708
0 0.425 0.6126126126126126 0.074 0.0960960960960961
0 0.532 0.6081081081081081 0.068 0.11711711711711711
0 0.644 0.6276276276276276 0.08 0.13213213213213212
3 0.293 0.5135135135135135 0.11 0.26426426426426425
3 0.426 0.42342342342342343 0.056 0.11411411411411411
3 0.498 0.4219219219219219 0.048 0.09309309309309309
3 0.635 0.44594594594594594 0.106 0.1831831831831832
3 0.71 0.47897897897897895 0.088 0.15915915915915915
3 0.431 0.7597597597597597 0.118 0.1981981981981982
3 0.527 0.7672672672672672 0.106 0.24324324324324326
3 0.637 0.7792792792792793 0.13 0.23123123123123124
3 0.76 0.7702702702702703 0.128 0.2672672672672673
1 0.761 0.5885885885885885 0.066 0.1021021021021021
