0 0.723 0.8528528528528528 0.086 0.12612612612612611
0 0.11 0.45795795795795796 0.08 0.15315315315315314
0 0.17 0.3738738738738739 0.068 0.1111111111111111
0 0.229 0.4339339339339339 0.094 0.14114114114114115
0 0.405 0.44894894894894893 0.082 0.15915915915915915
0 0.21 0.3138138138138138 0.056 0.09309309309309309
0 0.249 0.26426426426426425 0.058 0.0960960960960961
0 0.312 0.25375375375375375 0.06 0.0990990990990991
0 0.472 0.21621621621621623 0.06 0.10810810810810811
0 0.575 0.24324324324324326 0.074 0.12012012012012012
0 0.497 0.2957957957957958 0.058 0.1111111111111111
0 0.521 0.4174174174174174 0.07 0.13813813813813813
0 0.575 0.43843843843843844 0.082 0.08408408408408409
0 0.699 0.35735735735735735 0.074 0.11411411411411411
0 0.744 0.44144144144144143 0.076 0.12612612612612611
0 0.898 0.4894894894894895 0.1 0.18618618618618618
3 0.098 0.6411411411411412 0.136 0.2852852852852853
3 0.236 0.6246246246246246 0.152 0.2822822822822823
3 0.404 0.6201201201201201 0.196 0.27927927927927926
3 0.582 0.6561561561561562 0.168 0.2732732732732733
3 0.696 0.6396396396396397 0.14 0.29429429429429427
3 0.772 0.6036036036036037 0.12 0.26426426426426425
3 0.906 0.7027027027027027 0.184 0.33633633633633636
3 0.178 0.493993993993994 0.084 0.13513513513513514
3 0.307 0.509009009009009 0.106 0.16516516516516516
3 0.362 0.4009009009009009 0.088 0.13513513513513514
3 0.302 0.36786786786786785 0.068 0.14714714714714713
1 0.3 0.3978978978978979 0.056 0.08708708708708708
3 0.452 0.3153153153153153 0.056 0.11411411411411411
3 0.594 0.38738738738738737 0.116 0.21021021021021022
