0 0.541 0.3404255319148936 0.066 0.1337386018237082
0 0.333 0.3130699088145897 0.106 0.182370820668693
0 0.612 0.33890577507598785 0.072 0.11854103343465046
0 0.472 0.3586626139817629 0.056 0.1094224924012158
0 0.672 0.3586626139817629 0.08 0.1276595744680851
0 0.74 0.34498480243161095 0.072 0.11246200607902736
0 0.273 0.3465045592705167 0.062 0.0790273556231003
3 0.33 0.5896656534954408 0.16 0.47416413373860183
3 0.536 0.5577507598784195 0.16 0.3130699088145897
3 0.689 0.6246200607902735 0.15 0.42857142857142855
3 0.783 0.5121580547112462 0.098 0.3069908814589666
