2 0.765 0.49595687331536387 0.086 0.16172506738544473
0 0.922 0.4380053908355795 0.06 0.05121293800539083
0 0.684 0.3638814016172507 0.052 0.05929919137466307
0 0.834 0.4191374663072776 0.056 0.05121293800539083
0 0.599 0.46900269541778977 0.03 0.03234501347708895
0 0.536 0.46900269541778977 0.036 0.03234501347708895
0 0.502 0.431266846361186 0.06 0.05929919137466307
0 0.455 0.45956873315363883 0.046 0.04043126684636118
0 0.381 0.45148247978436656 0.038 0.04043126684636118
0 0.411 0.4609164420485175 0.038 0.03773584905660377
0 0.288 0.4299191374663073 0.036 0.03504043126684636
0 0.225 0.4474393530997305 0.038 0.0431266846361186
0 0.195 0.45956873315363883 0.038 0.04582210242587601
0 0.172 0.46630727762803237 0.04 0.03773584905660377
0 0.789 0.3867924528301887 0.082 0.0673854447439353
3 0.092 0.5080862533692723 0.056 0.0889487870619946
3 0.185 0.5485175202156334 0.078 0.12129380053908356
3 0.227 0.5175202156334232 0.046 0.10242587601078167
3 0.28 0.5040431266846361 0.044 0.1078167115902965
3 0.376 0.5283018867924528 0.064 0.12398921832884097
3 0.444 0.5336927223719676 0.06 0.1078167115902965
3 0.503 0.5471698113207547 0.094 0.14016172506738545
3 0.552 0.5417789757412399 0.044 0.11320754716981132
3 0.596 0.5485175202156334 0.052 0.1105121293800539
3 0.676 0.48247978436657685 0.072 0.15633423180592992
3 0.827 0.5444743935309974 0.054 0.1725067385444744
3 0.93 0.555256064690027 0.076 0.14016172506738545
