2 0.64501953125 0.68017578125 0.5244140625 0.6376953125
2 0.048828125 0.42431640625 0.095703125 0.1767578125
2 0.18896484375 0.41162109375 0.1435546875 0.1982421875
2 0.39501953125 0.4111328125 0.1123046875 0.177734375
2 0.95166015625 0.42236328125 0.0966796875 0.1845703125
0 0.0302734375 0.2822265625 0.05859375 0.0546875
0 0.19580078125 0.2431640625 0.0849609375 0.068359375
0 0.25634765625 0.2744140625 0.0751953125 0.048828125
0 0.40869140625 0.25927734375 0.0986328125 0.0654296875
0 0.82275390625 0.23095703125 0.1064453125 0.0869140625
0 0.95654296875 0.275390625 0.0869140625 0.07421875
