0 0.7070588235294117 0.12089201877934272 0.09647058823529411 0.1056338028169014
0 0.5611764705882353 0.13204225352112675 0.0988235294117647 0.10915492957746478
0 0.41411764705882353 0.1813380281690141 0.0988235294117647 0.09741784037558686
0 0.35058823529411764 0.20833333333333334 0.0988235294117647 0.12323943661971831
0 0.14176470588235293 0.2511737089201878 0.10470588235294118 0.1267605633802817
0 0.2823529411764706 0.3814553990610329 0.1388235294117647 0.11971830985915492
0 0.40941176470588236 0.4131455399061033 0.10588235294117647 0.11737089201877934
0 0.5764705882352941 0.39730046948356806 0.1011764705882353 0.1068075117370892
0 0.7729411764705882 0.3591549295774648 0.09176470588235294 0.107981220657277
0 0.9576470588235294 0.2981220657276995 0.08470588235294117 0.11502347417840375
0 0.971764705882353 0.4395539906103286 0.05647058823529412 0.11854460093896714
2 0.7147058823529412 0.22711267605633803 0.14470588235294118 0.1795774647887324
2 0.5670588235294117 0.24647887323943662 0.14588235294117646 0.19248826291079812
2 0.4429411764705882 0.2805164319248826 0.0976470588235294 0.16901408450704225
2 0.36823529411764705 0.33392018779342725 0.14823529411764705 0.19131455399061034
2 0.1411764705882353 0.38615023474178406 0.19058823529411764 0.22300469483568075
2 0.2952941176470588 0.5275821596244131 0.1623529411764706 0.24061032863849766
2 0.4252941176470588 0.5686619718309859 0.14705882352941177 0.25938967136150237
2 0.5858823529411765 0.5528169014084507 0.16941176470588235 0.22065727699530516
2 0.8117647058823529 0.5311032863849765 0.1976470588235294 0.24295774647887325
2 0.9605882352941176 0.6038732394366197 0.07882352941176471 0.21948356807511737
