2 0.125 0.417910447761194 0.19615384615384615 0.373134328358209
2 0.37884615384615383 0.5796019900497512 0.20384615384615384 0.417910447761194
2 0.5240384615384616 0.4054726368159204 0.1326923076923077 0.16417910447761194
2 0.7336538461538461 0.5211442786069652 0.225 0.39552238805970147
2 0.9442307692307692 0.4651741293532338 0.11153846153846154 0.27860696517412936
2 0.8721153846153846 0.47139303482587064 0.06346153846153846 0.19651741293532338
0 0.11923076923076924 0.18034825870646767 0.13846153846153847 0.20149253731343283
0 0.38653846153846155 0.31094527363184077 0.13846153846153847 0.22388059701492538
0 0.5134615384615384 0.28233830845771146 0.08076923076923077 0.11691542288557213
0 0.7576923076923077 0.22388059701492538 0.12692307692307692 0.15920398009950248
0 0.8721153846153846 0.33955223880597013 0.09423076923076923 0.11691542288557213
0 0.95 0.27238805970149255 0.1 0.15671641791044777
