0 0.20390625 0.3 0.2015625 0.2791666666666667
0 0.53671875 0.35104166666666664 0.1390625 0.21458333333333332
0 0.59765625 0.4125 0.0734375 0.1375
0 0.6484375 0.3854166666666667 0.065625 0.1125
0 0.7640625 0.4010416666666667 0.0625 0.10208333333333333
0 0.8734375 0.40520833333333334 0.078125 0.13958333333333334
0 0.96875 0.3958333333333333 0.0625 0.11666666666666667
2 0.21875 0.6729166666666667 0.3125 0.5416666666666666
2 0.53359375 0.675 0.1734375 0.4875
2 0.6546875 0.540625 0.071875 0.22708333333333333
2 0.76015625 0.5145833333333333 0.0890625 0.175
2 0.88125 0.5802083333333333 0.1375 0.26458333333333334
2 0.959375 0.5416666666666666 0.08125 0.2125
