0 0.15030060120240482 0.24324324324324326 0.12424849699398798 0.23423423423423423
0 0.4148296593186373 0.32882882882882886 0.08016032064128256 0.17117117117117117
0 0.593186372745491 0.3108108108108108 0.0841683366733467 0.17717717717717718
0 0.720440881763527 0.3153153153153153 0.14228456913827656 0.2222222222222222
0 0.8046092184368737 0.2702702702702703 0.09018036072144289 0.18018018018018017
2 0.10721442885771543 0.487987987987988 0.1903807615230461 0.4114114114114114
2 0.41382765531062127 0.521021021021021 0.15030060120240482 0.3033033033033033
2 0.5981963927855711 0.512012012012012 0.11422845691382766 0.27927927927927926
2 0.7094188376753507 0.6291291291291291 0.18837675350701402 0.46546546546546547
2 0.8286573146292585 0.5 0.1462925851703407 0.32732732732732733
1 0.4819639278557114 0.3138138138138138 0.04208416833667335 0.06306306306306306
3 0.48597194388777554 0.44144144144144143 0.07414829659318638 0.18618618618618618
1 0.9178356713426854 0.32882882882882886 0.052104208416833664 0.08708708708708708
3 0.9218436873747495 0.45045045045045046 0.08817635270541083 0.16816816816816818
