0 0.07763671875 0.20717423133235724 0.1416015625 0.24158125915080528
0 0.23974609375 0.1273792093704246 0.1845703125 0.2518301610541728
0 0.421875 0.232796486090776 0.095703125 0.21376281112737922
0 0.52685546875 0.2657393850658858 0.0732421875 0.13616398243045388
0 0.6025390625 0.2686676427525622 0.046875 0.11273792093704246
0 0.65966796875 0.2840409956076135 0.1162109375 0.21961932650073207
0 0.85498046875 0.3389458272327965 0.0791015625 0.1478770131771596
0 0.794921875 0.2840409956076135 0.0625 0.1171303074670571
2 0.0693359375 0.5622254758418741 0.13671875 0.6061493411420205
2 0.2236328125 0.541727672035139 0.2734375 0.6822840409956076
2 0.43603515625 0.493411420204978 0.2041015625 0.3923865300146413
2 0.6435546875 0.5344070278184481 0.224609375 0.41874084919472915
2 0.83349609375 0.5197657393850659 0.1318359375 0.26939970717423134
