0 0.054411764705882354 0.1755424063116371 0.10588235294117647 0.20118343195266272
2 0.08161764705882353 0.398422090729783 0.16029411764705884 0.33925049309664695
2 0.16323529411764706 0.20414201183431951 0.047058823529411764 0.08481262327416174
2 0.28161764705882353 0.398422090729783 0.17794117647058824 0.3076923076923077
2 0.4279411764705882 0.35798816568047337 0.15294117647058825 0.2938856015779093
2 0.5367647058823529 0.4526627218934911 0.15 0.28994082840236685
2 0.7507352941176471 0.38560157790927024 0.1661764705882353 0.2978303747534517
2 0.8941176470588236 0.3678500986193294 0.12352941176470589 0.28994082840236685
2 0.9654411764705882 0.40927021696252464 0.06911764705882353 0.34516765285996054
0 0.28308823529411764 0.17159763313609466 0.10441176470588236 0.20512820512820512
0 0.43308823529411766 0.15285996055226825 0.09264705882352942 0.1913214990138067
0 0.5448529411764705 0.25542406311637084 0.0838235294117647 0.1755424063116371
0 0.7522058823529412 0.1814595660749507 0.09852941176470588 0.1893491124260355
0 0.8897058823529411 0.16765285996055226 0.09705882352941177 0.17357001972386588
0 0.9735294117647059 0.15976331360946747 0.052941176470588235 0.19723865877712032
