2 0.09011090573012939 0.47054794520547943 0.15619223659889095 0.3219178082191781
2 0.37707948243992606 0.3972602739726027 0.1534195933456562 0.2958904109589041
2 0.6649722735674677 0.4952054794520548 0.14325323475046212 0.3082191780821918
2 0.8622920517560074 0.5205479452054794 0.1534195933456562 0.32602739726027397
0 0.1012014787430684 0.2404109589041096 0.09149722735674677 0.1821917808219178
0 0.3793900184842883 0.19315068493150686 0.08410351201478743 0.16986301369863013
0 0.5244916820702403 0.29178082191780824 0.07855822550831792 0.15342465753424658
0 0.672365988909427 0.29726027397260274 0.0933456561922366 0.1780821917808219
0 0.8692236598890942 0.29863013698630136 0.0878003696857671 0.17534246575342466
3 0.227818853974122 0.49383561643835616 0.15249537892791126 0.3493150684931507
3 0.527264325323475 0.5178082191780822 0.16913123844731978 0.3452054794520548
1 0.22597042513863216 0.26164383561643834 0.1044362292051756 0.1863013698630137
