2 0.1005859375 0.3984375 0.10546875 0.2482638888888889
2 0.17333984375 0.5043402777777778 0.0966796875 0.2725694444444444
2 0.28466796875 0.4322916666666667 0.1044921875 0.2916666666666667
2 0.4267578125 0.4322916666666667 0.095703125 0.23958333333333334
2 0.37451171875 0.3828125 0.0712890625 0.2552083333333333
2 0.521484375 0.4505208333333333 0.083984375 0.2517361111111111
2 0.58642578125 0.4930555555555556 0.1083984375 0.2743055555555556
2 0.669921875 0.3958333333333333 0.078125 0.21180555555555555
2 0.7529296875 0.40625 0.09375 0.2465277777777778
2 0.83154296875 0.3654513888888889 0.0947265625 0.234375
2 0.9140625 0.4348958333333333 0.099609375 0.2482638888888889
0 0.099609375 0.2170138888888889 0.0625 0.14930555555555555
0 0.18408203125 0.3324652777777778 0.0654296875 0.1753472222222222
0 0.29443359375 0.2604166666666667 0.0576171875 0.1527777777777778
0 0.3740234375 0.2074652777777778 0.06640625 0.16493055555555555
0 0.43017578125 0.2543402777777778 0.0556640625 0.1440972222222222
0 0.50537109375 0.2682291666666667 0.0595703125 0.140625
0 0.58984375 0.2934027777777778 0.056640625 0.12152777777777778
0 0.61376953125 0.21354166666666666 0.0517578125 0.08333333333333333
0 0.66357421875 0.25 0.0537109375 0.11805555555555555
0 0.748046875 0.25 0.056640625 0.13541666666666666
0 0.8251953125 0.20833333333333334 0.060546875 0.1284722222222222
0 0.90625 0.2664930555555556 0.064453125 0.1440972222222222
