0 0.13614262560777957 0.29791666666666666 0.1166936790923825 0.1625
0 0.31685575364667745 0.29583333333333334 0.07941653160453808 0.125
0 0.49189627228525123 0.23958333333333334 0.12479740680713128 0.17083333333333334
0 0.7115072933549432 0.23125 0.09076175040518639 0.12083333333333333
0 0.9124797406807131 0.26875 0.10696920583468396 0.14166666666666666
2 0.14181523500810372 0.5260416666666666 0.21555915721231766 0.33125
2 0.3192868719611021 0.45625 0.13614262560777957 0.23333333333333334
2 0.49351701782820095 0.48854166666666665 0.18314424635332252 0.33958333333333335
2 0.7106969205834684 0.41041666666666665 0.16045380875202594 0.24166666666666667
2 0.9027552674230146 0.4895833333333333 0.17179902755267423 0.30833333333333335
