0 0.4130859375 0.30859375 0.076171875 0.15625
0 0.76953125 0.5872395833333334 0.1015625 0.1875
0 0.5751953125 0.3307291666666667 0.07421875 0.13020833333333334
0 0.67529296875 0.3072916666666667 0.0810546875 0.15625
0 0.79345703125 0.2838541666666667 0.1142578125 0.17447916666666666
2 0.3779296875 0.5 0.185546875 0.3151041666666667
2 0.5859375 0.5227864583333334 0.142578125 0.2747395833333333
2 0.6953125 0.46875 0.146484375 0.2942708333333333
2 0.77685546875 0.7890625 0.1845703125 0.3098958333333333
2 0.8125 0.451171875 0.11328125 0.24609375
