0 0.12760416666666666 0.11886051080550099 0.0703125 0.1237721021611002
0 0.041015625 0.16110019646365423 0.06901041666666667 0.1100196463654224
2 0.15364583333333334 0.25343811394891946 0.08072916666666667 0.21611001964636542
2 0.10481770833333333 0.30157170923379173 0.12890625 0.24950884086444008
0 0.4427083333333333 0.3526522593320236 0.1015625 0.21021611001964635
0 0.5677083333333334 0.3330058939096267 0.0859375 0.19842829076620824
0 0.734375 0.27406679764243613 0.09635416666666667 0.1944990176817289
0 0.9016927083333334 0.3045186640471513 0.12630208333333334 0.21218074656188604
2 0.4140625 0.5952848722986247 0.1796875 0.3850687622789784
2 0.5631510416666666 0.574656188605108 0.15494791666666666 0.36738703339882123
2 0.7259114583333334 0.5098231827111984 0.16796875 0.343811394891945
2 0.904296875 0.5648330058939096 0.19140625 0.4027504911591356
3 0.21223958333333334 0.6070726915520629 0.23177083333333334 0.4911591355599214
1 0.23111979166666666 0.29862475442043224 0.11848958333333333 0.2318271119842829
