0 0.14545454545454545 0.22428571428571428 0.07272727272727272 0.2257142857142857
0 0.2876623376623377 0.2257142857142857 0.06883116883116883 0.2
0 0.5590909090909091 0.30428571428571427 0.06623376623376623 0.19142857142857142
0 0.674025974025974 0.31285714285714283 0.06753246753246753 0.18571428571428572
0 0.7519480519480519 0.3 0.07012987012987013 0.18285714285714286
0 0.887012987012987 0.15714285714285714 0.07792207792207792 0.22857142857142856
2 0.1461038961038961 0.5014285714285714 0.14155844155844155 0.4085714285714286
2 0.2915584415584416 0.49 0.13376623376623376 0.40285714285714286
2 0.561038961038961 0.5657142857142857 0.12467532467532468 0.37142857142857144
2 0.675974025974026 0.5642857142857143 0.11298701298701298 0.3914285714285714
2 0.7694805194805194 0.5485714285714286 0.10519480519480519 0.37714285714285717
2 0.8902597402597403 0.4357142857142857 0.15974025974025974 0.40285714285714286
