0 0.14833333333333334 0.21722222222222223 0.11333333333333333 0.19444444444444445
2 0.13958333333333334 0.4494444444444444 0.18416666666666667 0.3522222222222222
0 0.3308333333333333 0.23944444444444443 0.10166666666666667 0.15444444444444444
2 0.30791666666666667 0.4438888888888889 0.1725 0.28555555555555556
0 0.49333333333333335 0.24666666666666667 0.08166666666666667 0.15555555555555556
2 0.47791666666666666 0.4077777777777778 0.14083333333333334 0.25333333333333335
2 0.6116666666666667 0.4666666666666667 0.14666666666666667 0.24666666666666667
0 0.6204166666666666 0.2927777777777778 0.0925 0.15666666666666668
2 0.7770833333333333 0.5083333333333333 0.14583333333333334 0.24555555555555555
0 0.7775 0.3338888888888889 0.08666666666666667 0.15222222222222223
0 0.8604166666666667 0.2577777777777778 0.08083333333333333 0.14222222222222222
2 0.8695833333333334 0.41 0.1275 0.22444444444444445
