0 0.06060606060606061 0.40700808625336926 0.0707070707070707 0.11590296495956873
0 0.24797979797979797 0.3746630727762803 0.0696969696969697 0.11320754716981132
0 0.3691919191919192 0.41172506738544473 0.06161616161616162 0.10646900269541779
0 0.4777777777777778 0.38409703504043125 0.06060606060606061 0.09973045822102426
0 0.5803030303030303 0.4211590296495957 0.05555555555555555 0.10107816711590296
0 0.6621212121212121 0.3551212938005391 0.05757575757575758 0.09838274932614555
0 0.7404040404040404 0.3308625336927224 0.06262626262626263 0.10646900269541779
0 0.8151515151515152 0.35107816711590295 0.050505050505050504 0.10107816711590296
0 0.8611111111111112 0.3463611859838275 0.05757575757575758 0.11590296495956873
2 0.06363636363636363 0.5316711590296496 0.12323232323232323 0.21159029649595687
2 0.24848484848484848 0.5121293800539084 0.12121212121212122 0.1940700808625337
2 0.3712121212121212 0.5316711590296496 0.09797979797979799 0.16846361185983827
2 0.4797979797979798 0.5047169811320755 0.09292929292929293 0.1765498652291105
2 0.5843434343434344 0.5363881401617251 0.08181818181818182 0.16981132075471697
2 0.6626262626262627 0.477088948787062 0.09292929292929293 0.1778975741239892
2 0.7464646464646465 0.44878706199460916 0.10101010101010101 0.1778975741239892
2 0.8646464646464647 0.4838274932614555 0.12121212121212122 0.18867924528301888
