0 0.15546875 0.1836027713625866 0.1390625 0.279445727482679
0 0.27109375 0.16859122401847576 0.0953125 0.19399538106235567
0 0.38515625 0.20438799076212472 0.0828125 0.15011547344110854
0 0.49296875 0.25519630484988454 0.0703125 0.14549653579676675
0 0.5890625 0.19861431870669746 0.08125 0.16628175519630484
0 0.72265625 0.1535796766743649 0.0953125 0.19168591224018475
0 0.83984375 0.16397228637413394 0.1328125 0.24018475750577367
2 0.090625 0.45381062355658197 0.178125 0.47344110854503463
2 0.26015625 0.41916859122401845 0.1640625 0.3533487297921478
2 0.40078125 0.41570438799076215 0.1390625 0.30484988452655887
2 0.50859375 0.4399538106235566 0.1046875 0.26096997690531176
2 0.61171875 0.4006928406466513 0.1359375 0.302540415704388
2 0.740625 0.4457274826789838 0.171875 0.47113163972286376
2 0.89609375 0.45265588914549654 0.2078125 0.4618937644341801
0 0.35703125 0.5669745958429562 0.1078125 0.17782909930715934
0 0.52734375 0.4896073903002309 0.1234375 0.15242494226327943
0 0.6421875 0.4896073903002309 0.096875 0.18013856812933027
2 0.33671875 0.8025404157043879 0.2328125 0.394919168591224
2 0.5421875 0.6558891454965358 0.159375 0.24018475750577367
2 0.6578125 0.7286374133949192 0.31875 0.45496535796766746
