0 0.08203125 0.21621621621621623 0.07421875 0.14114114114114115
2 0.0771484375 0.41291291291291293 0.1328125 0.2972972972972973
0 0.201171875 0.27852852852852855 0.060546875 0.12162162162162163
2 0.203125 0.44594594594594594 0.115234375 0.24624624624624625
0 0.33544921875 0.12762762762762764 0.0615234375 0.12312312312312312
2 0.32958984375 0.29204204204204204 0.1259765625 0.2087087087087087
2 0.388671875 0.3813813813813814 0.15625 0.2852852852852853
0 0.44384765625 0.19894894894894896 0.0712890625 0.15765765765765766
0 0.564453125 0.16966966966966968 0.06640625 0.12912912912912913
2 0.57373046875 0.3536036036036036 0.1201171875 0.26576576576576577
0 0.68017578125 0.18018018018018017 0.0791015625 0.12912912912912913
2 0.70703125 0.3475975975975976 0.146484375 0.2927927927927928
0 0.86767578125 0.16666666666666666 0.0888671875 0.15015015015015015
2 0.8759765625 0.35135135135135137 0.150390625 0.27927927927927926
