2 0.28958333333333336 0.5711111111111111 0.1875 0.44592592592592595
2 0.48041666666666666 0.4837037037037037 0.18083333333333335 0.4074074074074074
2 0.6791666666666667 0.48518518518518516 0.18 0.4311111111111111
3 0.10625 0.4918518518518519 0.16583333333333333 0.42074074074074075
3 0.8641666666666666 0.43925925925925924 0.19166666666666668 0.40444444444444444
1 0.8308333333333333 0.12962962962962962 0.09333333333333334 0.14666666666666667
1 0.74125 0.20962962962962964 0.060833333333333336 0.09037037037037036
1 0.675 0.19333333333333333 0.09166666666666666 0.22074074074074074
1 0.59 0.2837037037037037 0.06833333333333333 0.13185185185185186
1 0.47 0.22666666666666666 0.08833333333333333 0.21333333333333335
1 0.3725 0.31925925925925924 0.075 0.14962962962962964
1 0.27625 0.2740740740740741 0.0875 0.1688888888888889
1 0.17666666666666667 0.2348148148148148 0.07 0.1437037037037037
1 0.10708333333333334 0.2051851851851852 0.0825 0.19111111111111112
