0 0.1359375 0.25625 0.11145833333333334 0.215625
0 0.32135416666666666 0.22109375 0.08020833333333334 0.1609375
0 0.45989583333333334 0.284375 0.078125 0.15
0 0.6265625 0.22734375 0.09270833333333334 0.1640625
0 0.8348958333333333 0.2078125 0.13645833333333332 0.209375
2 0.153125 0.52734375 0.24583333333333332 0.4578125
2 0.296875 0.38125 0.15625 0.221875
2 0.4578125 0.4578125 0.146875 0.259375
2 0.6145833333333334 0.41875 0.17083333333333334 0.275
2 0.8328125 0.4703125 0.23020833333333332 0.3875
