0 0.1496875 0.19905040175310446 0.094375 0.13659605551497445
0 0.2953125 0.15193571950328708 0.093125 0.16070124178232287
0 0.44875 0.20489408327246164 0.09875 0.14536157779401024
0 0.6353125 0.2114682249817385 0.099375 0.16289262235208182
0 0.7840625 0.19174579985390797 0.119375 0.17165814463111762
2 0.138125 0.3984660336011687 0.14875 0.28122717311906503
2 0.2984375 0.34952520087655226 0.185625 0.2841490138787436
2 0.4603125 0.40650109569028486 0.159375 0.2841490138787436
2 0.6365625 0.40942293644996347 0.169375 0.2987582176771366
2 0.8 0.3904309715120526 0.1725 0.295836376917458
