0 0.28125 0.306640625 0.05859375 0.11848958333333333
0 0.43115234375 0.234375 0.0537109375 0.11197916666666667
0 0.51904296875 0.2994791666666667 0.0576171875 0.109375
0 0.62841796875 0.2897135416666667 0.0615234375 0.10026041666666667
0 0.74853515625 0.263671875 0.0712890625 0.11588541666666667
2 0.2880859375 0.4407552083333333 0.103515625 0.22005208333333334
2 0.42041015625 0.3684895833333333 0.1123046875 0.20052083333333334
2 0.52587890625 0.4309895833333333 0.1044921875 0.20052083333333334
2 0.63916015625 0.4231770833333333 0.1044921875 0.1953125
2 0.77099609375 0.400390625 0.1123046875 0.21223958333333334
