0 0.21847246891651864 0.2558997050147493 0.07992895204262877 0.18436578171091444
0 0.35479573712255774 0.2669616519174041 0.07548845470692718 0.17699115044247787
0 0.5195381882770871 0.3230088495575221 0.07104795737122557 0.168141592920354
0 0.6536412078152753 0.3222713864306785 0.03907637655417407 0.11061946902654868
0 0.7229129662522202 0.3797935103244838 0.0497335701598579 0.10471976401179942
0 0.8468028419182948 0.37168141592920356 0.06660746003552398 0.13274336283185842
2 0.19671403197158083 0.4749262536873156 0.15364120781527532 0.3274336283185841
2 0.32948490230905864 0.5007374631268436 0.14209591474245115 0.3495575221238938
2 0.5 0.5147492625368731 0.1705150976909414 0.31268436578171094
2 0.644316163410302 0.44542772861356933 0.08792184724689166 0.18289085545722714
2 0.7184724689165186 0.5302359882005899 0.09236234458259325 0.2374631268436578
2 0.8419182948490231 0.5162241887905604 0.12788632326820604 0.2182890855457227
