2 0.1692982456140351 0.38389121338912136 0.21228070175438596 0.29497907949790797
2 0.5105263157894737 0.4361924686192469 0.2 0.3200836820083682
2 0.6736842105263158 0.4811715481171548 0.18596491228070175 0.3305439330543933
2 0.8412280701754385 0.401673640167364 0.20526315789473684 0.3514644351464435
0 0.17543859649122806 0.19142259414225943 0.11578947368421053 0.18200836820083682
0 0.39035087719298245 0.13284518828451883 0.10701754385964912 0.18619246861924685
0 0.5236842105263158 0.2196652719665272 0.10701754385964912 0.16736401673640167
0 0.8192982456140351 0.16736401673640167 0.11929824561403508 0.18828451882845187
0 0.6263157894736842 0.17468619246861924 0.08421052631578947 0.15690376569037656
3 0.37543859649122807 0.3891213389121339 0.19649122807017544 0.4560669456066946
0 0.6771929824561403 0.2583682008368201 0.10877192982456141 0.18200836820083682
