0 0.5333333333333333 0.31761006289308175 0.09444444444444444 0.1949685534591195
2 0.5277777777777778 0.559748427672956 0.17222222222222222 0.33962264150943394
0 0.15486111111111112 0.2662473794549266 0.12361111111111112 0.2389937106918239
0 0.2590277777777778 0.22746331236897274 0.1125 0.21174004192872117
2 0.12708333333333333 0.5765199161425576 0.17083333333333334 0.4192872117400419
2 0.26458333333333334 0.4612159329140461 0.14305555555555555 0.3438155136268344
2 0.8645833333333334 0.6802935010482181 0.24305555555555555 0.5681341719077568
0 0.8423611111111111 0.2693920335429769 0.1375 0.23270440251572327
0 0.7625 0.14150943396226415 0.125 0.21174004192872117
0 0.6923611111111111 0.2389937106918239 0.0763888888888889 0.18029350104821804
2 0.6826388888888889 0.5073375262054507 0.12361111111111112 0.38155136268343814
2 0.7583333333333333 0.449685534591195 0.10277777777777777 0.36268343815513626
