0 0.142578125 0.3850658857979502 0.080078125 0.1581259150805271
0 0.28076171875 0.37920937042459735 0.0732421875 0.1493411420204978
0 0.4267578125 0.35871156661786235 0.080078125 0.15226939970717424
0 0.70458984375 0.4084919472913616 0.0751953125 0.15226939970717424
0 0.7958984375 0.4743777452415813 0.0859375 0.1493411420204978
2 0.1240234375 0.6054172767203514 0.158203125 0.30600292825768666
2 0.2724609375 0.5673499267935578 0.130859375 0.28550512445095166
2 0.4150390625 0.5285505124450952 0.138671875 0.25768667642752563
2 0.703125 0.5768667642752562 0.126953125 0.2430453879941435
2 0.80322265625 0.6559297218155198 0.1416015625 0.27232796486090777
1 0.5732421875 0.38799414348462663 0.0625 0.13177159590043924
3 0.57080078125 0.5658857979502196 0.1435546875 0.28550512445095166
