0 0.15041666666666667 0.21388888888888888 0.1275 0.18333333333333332
0 0.32958333333333334 0.23722222222222222 0.0975 0.16111111111111112
0 0.48833333333333334 0.23333333333333334 0.07833333333333334 0.14
0 0.6166666666666667 0.2916666666666667 0.09333333333333334 0.16333333333333333
0 0.7775 0.3333333333333333 0.09 0.15555555555555556
0 0.8570833333333333 0.25555555555555554 0.0925 0.14222222222222222
2 0.14166666666666666 0.4483333333333333 0.17333333333333334 0.3411111111111111
2 0.30625 0.4488888888888889 0.1725 0.29777777777777775
2 0.47791666666666666 0.4122222222222222 0.1425 0.26222222222222225
2 0.6129166666666667 0.47444444444444445 0.15583333333333332 0.2511111111111111
2 0.7804166666666666 0.5105555555555555 0.14416666666666667 0.25666666666666665
2 0.8725 0.4033333333333333 0.13166666666666665 0.22
