0 0.10163339382940109 0.23142857142857143 0.09074410163339383 0.18857142857142858
0 0.22323049001814882 0.24571428571428572 0.09437386569872959 0.17714285714285713
0 0.3257713248638838 0.18571428571428572 0.0998185117967332 0.17714285714285713
0 0.4455535390199637 0.2814285714285714 0.09618874773139746 0.16285714285714287
0 0.542649727767695 0.17714285714285713 0.10163339382940109 0.18857142857142858
0 0.632486388384755 0.22285714285714286 0.10344827586206896 0.2
0 0.7477313974591652 0.18714285714285714 0.11252268602540835 0.23142857142857143
0 0.8348457350272233 0.28285714285714286 0.13430127041742287 0.26285714285714284
2 0.08076225045372051 0.4542857142857143 0.15063520871143377 0.3314285714285714
2 0.21687840290381125 0.45714285714285713 0.12159709618874773 0.30857142857142855
2 0.33756805807622503 0.42 0.14882032667876588 0.34285714285714286
2 0.4528130671506352 0.5257142857142857 0.132486388384755 0.32
2 0.5544464609800362 0.44285714285714284 0.132486388384755 0.37142857142857144
2 0.6715063520871143 0.5357142857142857 0.17422867513611615 0.43142857142857144
2 0.8856624319419237 0.6128571428571429 0.2250453720508167 0.5571428571428572
