0 0.16590909090909092 0.5127946127946128 0.07121212121212121 0.11784511784511785
0 0.19873737373737374 0.3771043771043771 0.07424242424242425 0.10909090909090909
0 0.30833333333333335 0.467003367003367 0.08131313131313131 0.1259259259259259
0 0.325 0.3760942760942761 0.07525252525252525 0.08956228956228957
0 0.41843434343434344 0.5367003367003367 0.07121212121212121 0.12255892255892256
0 0.45126262626262625 0.3653198653198653 0.06616161616161616 0.11380471380471381
0 0.5444444444444444 0.3983164983164983 0.07575757575757576 0.1111111111111111
0 0.5714646464646465 0.5057239057239057 0.06414141414141414 0.0632996632996633
0 0.6060606060606061 0.3707070707070707 0.045454545454545456 0.08148148148148149
0 0.6585858585858586 0.41683501683501684 0.05757575757575758 0.1037037037037037
0 0.7131313131313132 0.47575757575757577 0.08080808080808081 0.1191919191919192
0 0.7722222222222223 0.37272727272727274 0.0696969696969697 0.1111111111111111
0 0.8638888888888889 0.4653198653198653 0.09141414141414142 0.13602693602693602
0 0.8911616161616162 0.3983164983164983 0.06212121212121212 0.0962962962962963
2 0.1643939393939394 0.6707070707070707 0.13383838383838384 0.232996632996633
2 0.30505050505050507 0.6303030303030303 0.12828282828282828 0.232996632996633
2 0.4257575757575758 0.7097643097643098 0.1303030303030303 0.2787878787878788
2 0.5714646464646465 0.7094276094276094 0.11464646464646465 0.24175084175084174
2 0.7214646464646465 0.6525252525252525 0.12272727272727273 0.24915824915824916
2 0.8752525252525253 0.6404040404040404 0.15252525252525254 0.24915824915824916
2 0.20252525252525252 0.49562289562289563 0.11212121212121212 0.13872053872053872
2 0.45151515151515154 0.503030303030303 0.09696969696969697 0.17104377104377105
2 0.548989898989899 0.5350168350168351 0.10909090909090909 0.18383838383838383
2 0.6547979797979798 0.5612794612794613 0.07525252525252525 0.19595959595959597
2 0.7702020202020202 0.5080808080808081 0.10606060606060606 0.19595959595959597
