0 0.128125 0.3808630393996248 0.13125 0.22138836772983114
2 0.12625 0.6585365853658537 0.25 0.4352720450281426
0 0.293125 0.35834896810506567 0.07875 0.1575984990619137
2 0.309375 0.5684803001876173 0.13375 0.2926829268292683
0 0.43125 0.31050656660412757 0.065 0.14071294559099437
2 0.43625 0.5 0.125 0.28330206378986866
0 0.564375 0.3227016885553471 0.06875 0.16135084427767354
2 0.570625 0.5075046904315197 0.12875 0.27204502814258913
2 0.67625 0.5956848030018762 0.1775 0.37335834896810505
0 0.668125 0.34615384615384615 0.09125 0.18574108818011256
0 0.870625 0.4052532833020638 0.15875 0.2551594746716698
2 0.879375 0.7317073170731707 0.24125 0.4878048780487805
0 0.21875 0.3142589118198874 0.03 0.058161350844277676
2 0.218125 0.3799249530956848 0.06375 0.09193245778611632
0 0.36625 0.3067542213883677 0.025 0.03189493433395872
2 0.36375 0.37523452157598497 0.0375 0.0900562851782364
0 0.4925 0.2767354596622889 0.0225 0.028142589118198873
2 0.491875 0.3395872420262664 0.04125 0.075046904315197
2 0.525 0.35647279549718575 0.04 0.0675422138836773
0 0.74375 0.30863039399624764 0.0275 0.03189493433395872
2 0.740625 0.3714821763602251 0.05375 0.08630393996247655
