0 0.793212890625 0.34659452577975813 0.17138671875 0.3303628262253342
2 0.8046875 0.718968809675366 0.3896484375 0.562062380649268
2 0.63818359375 0.5120942075111394 0.146484375 0.2145130490133673
0 0.51904296875 0.4159770846594526 0.0712890625 0.11521323997453851
0 0.619873046875 0.3777848504137492 0.07373046875 0.11775938892425207
0 0.412353515625 0.41502227880331 0.06884765625 0.11966900063653724
0 0.30859375 0.4347549331635901 0.0595703125 0.1273074474856779
0 0.235107421875 0.41756842775302355 0.06787109375 0.10821133036282622
0 0.138916015625 0.400381922342457 0.07763671875 0.11712285168682368
0 0.0771484375 0.4102482495225971 0.0751953125 0.13176320814767664
2 0.071044921875 0.5817950350095481 0.13720703125 0.27625716104392106
2 0.1435546875 0.5350095480585614 0.0849609375 0.18141311266709104
2 0.2275390625 0.5401018459579885 0.109375 0.1763208147676639
2 0.310546875 0.5528325907065563 0.1181640625 0.16740929344366645
2 0.413330078125 0.5502864417568428 0.11865234375 0.20305537873965626
2 0.522216796875 0.5308720560152769 0.11083984375 0.18586887332908975
