0 0.11865234375 0.4078061911170929 0.0576171875 0.10497981157469717
0 0.2109375 0.4185733512786003 0.060546875 0.10767160161507403
0 0.287109375 0.44010767160161507 0.05859375 0.09959623149394348
0 0.345703125 0.42193808882907136 0.060546875 0.1063257065948856
0 0.421875 0.4259757738896366 0.0625 0.1009421265141319
0 0.50390625 0.4286675639300135 0.0625 0.1063257065948856
0 0.56884765625 0.4427994616419919 0.0537109375 0.10228802153432032
0 0.6328125 0.49865410497981155 0.05859375 0.06056527590847914
0 0.64404296875 0.41924629878869446 0.0556640625 0.11709286675639301
0 0.71923828125 0.42934051144010765 0.0576171875 0.09959623149394348
0 0.81298828125 0.40511440107671604 0.0595703125 0.10228802153432032
0 0.89990234375 0.42193808882907136 0.0751953125 0.1117092866756393
2 0.10546875 0.5598923283983849 0.11328125 0.21534320323014805
2 0.19775390625 0.5565275908479138 0.0927734375 0.21399730820995963
2 0.2646484375 0.576043068640646 0.07421875 0.19650067294751009
2 0.33056640625 0.5619111709286676 0.0927734375 0.20053835800807537
2 0.41357421875 0.5598923283983849 0.0830078125 0.2018842530282638
2 0.5029296875 0.5625841184387618 0.119140625 0.20995962314939434
2 0.57861328125 0.5834454912516823 0.0751953125 0.2193808882907133
2 0.6318359375 0.6621803499327052 0.08984375 0.2126514131897712
2 0.654296875 0.5309555854643337 0.09375 0.17631224764468373
2 0.75146484375 0.5612382234185733 0.0732421875 0.1857335127860027
2 0.83056640625 0.5376850605652759 0.1025390625 0.18977119784656796
2 0.9072265625 0.5713324360699865 0.080078125 0.22476446837146702
