2 0.6421875 0.7680555555555556 0.2078125 0.4638888888888889
1 0.65234375 0.4479166666666667 0.1203125 0.2902777777777778
1 0.3921875 0.5416666666666666 0.059375 0.08055555555555556
1 0.19296875 0.5368055555555555 0.1140625 0.18472222222222223
1 0.46875 0.5652777777777778 0.0765625 0.12222222222222222
1 0.52421875 0.5722222222222222 0.065625 0.10833333333333334
1 0.832421875 0.6069444444444444 0.07734375 0.14722222222222223
3 0.19296875 0.7819444444444444 0.14375 0.3333333333333333
3 0.365625 0.7409722222222223 0.0796875 0.30694444444444446
3 0.466015625 0.7368055555555556 0.10703125 0.2569444444444444
3 0.8296875 0.74375 0.0890625 0.23472222222222222
