2 0.0966796875 0.3271470160116448 0.1357421875 0.27438136826783116
2 0.24462890625 0.3002183406113537 0.08203125 0.15938864628820962
2 0.8173828125 0.2867540029112082 0.1123046875 0.21542940320232898
1 0.111328125 0.1415574963609898 0.1103515625 0.13609898107714702
1 0.2373046875 0.19250363901018921 0.056640625 0.06768558951965066
1 0.79345703125 0.10116448326055313 0.111328125 0.12809315866084425
1 0.905517578125 0.2197962154294032 0.09521484375 0.14119359534206696
2 0.56494140625 0.20451237263464336 0.05078125 0.10480349344978165
2 0.937255859375 0.35880640465793306 0.12548828125 0.2576419213973799
3 0.436279296875 0.17285298398835516 0.16552734375 0.28748180494905384
