2 0.128173828125 0.7763671875 0.08251953125 0.1044921875
2 0.20263671875 0.79443359375 0.0673828125 0.1005859375
2 0.34716796875 0.779296875 0.0654296875 0.08203125
2 0.409423828125 0.7666015625 0.05810546875 0.0693359375
2 0.484130859375 0.76904296875 0.06494140625 0.0703125
2 0.55078125 0.766357421875 0.05859375 0.06982421875
2 0.6416015625 0.783203125 0.064453125 0.078125
2 0.7958984375 0.77587890625 0.1044921875 0.1220703125
2 0.919921875 0.76123046875 0.0693359375 0.0859375
2 0.174072265625 0.29296875 0.09326171875 0.1396484375
2 0.252685546875 0.300048828125 0.08154296875 0.11962890625
2 0.31640625 0.309814453125 0.0712890625 0.10205078125
2 0.326904296875 0.422119140625 0.10205078125 0.12939453125
2 0.435302734375 0.39892578125 0.10107421875 0.1337890625
2 0.516845703125 0.414794921875 0.09033203125 0.14697265625
2 0.6064453125 0.39697265625 0.0986328125 0.138671875
2 0.679443359375 0.41943359375 0.13330078125 0.1572265625
2 0.408203125 0.30615234375 0.11328125 0.11328125
2 0.50390625 0.295166015625 0.0791015625 0.08447265625
2 0.580810546875 0.28662109375 0.09521484375 0.0947265625
2 0.67626953125 0.291015625 0.0966796875 0.0947265625
2 0.780029296875 0.33642578125 0.11083984375 0.15234375
2 0.634521484375 0.276123046875 0.08251953125 0.11279296875
1 0.187744140625 0.20263671875 0.06689453125 0.0703125
1 0.630859375 0.201171875 0.06640625 0.06640625
1 0.592529296875 0.306884765625 0.06005859375 0.07666015625
1 0.5849609375 0.2197265625 0.0576171875 0.0693359375
1 0.513671875 0.322021484375 0.0625 0.07470703125
1 0.51513671875 0.236328125 0.0615234375 0.064453125
1 0.436767578125 0.306884765625 0.06494140625 0.07666015625
1 0.462646484375 0.229736328125 0.06396484375 0.06103515625
1 0.409423828125 0.22998046875 0.06103515625 0.0693359375
1 0.33154296875 0.3291015625 0.0634765625 0.0732421875
1 0.31982421875 0.241943359375 0.0654296875 0.06982421875
1 0.2705078125 0.223876953125 0.0625 0.07373046875
1 0.19091796875 0.727294921875 0.0673828125 0.06396484375
1 0.140869140625 0.71337890625 0.06494140625 0.05859375
1 0.777099609375 0.2333984375 0.06689453125 0.078125
1 0.727294921875 0.2392578125 0.05908203125 0.0703125
1 0.687744140625 0.21875 0.07080078125 0.0673828125
1 0.913818359375 0.700927734375 0.05322265625 0.05322265625
1 0.6328125 0.728515625 0.0576171875 0.0556640625
1 0.54638671875 0.718505859375 0.056640625 0.05517578125
1 0.482177734375 0.72314453125 0.05322265625 0.048828125
1 0.4111328125 0.717529296875 0.052734375 0.04736328125
1 0.352783203125 0.72021484375 0.05029296875 0.048828125
1 0.82763671875 0.702880859375 0.0556640625 0.07080078125
1 0.676025390625 0.3212890625 0.07275390625 0.080078125
