2 0.612548828125 0.22960069444444445 0.07861328125 0.15711805555555555
2 0.6396484375 0.3758680555555556 0.0986328125 0.1440972222222222
2 0.57861328125 0.5017361111111112 0.1318359375 0.23958333333333334
2 0.204833984375 0.4461805555555556 0.13134765625 0.2152777777777778
2 0.420166015625 0.2326388888888889 0.07861328125 0.1736111111111111
2 0.431884765625 0.3428819444444444 0.11865234375 0.18229166666666666
0 0.277587890625 0.3502604166666667 0.06298828125 0.1501736111111111
0 0.429443359375 0.1171875 0.04638671875 0.10243055555555555
0 0.604248046875 0.12065972222222222 0.04541015625 0.10243055555555555
0 0.479736328125 0.24739583333333334 0.05029296875 0.11284722222222222
0 0.5087890625 0.3732638888888889 0.05859375 0.14756944444444445
0 0.56494140625 0.3168402777777778 0.048828125 0.11458333333333333
