2 0.269921875 0.6069444444444444 0.12578125 0.375
2 0.5078125 0.6298611111111111 0.1609375 0.41805555555555557
1 0.321875 0.38263888888888886 0.075 0.22361111111111112
1 0.1671875 0.5777777777777777 0.05 0.05555555555555555
1 0.1515625 0.5256944444444445 0.0546875 0.06527777777777778
1 0.675390625 0.6034722222222222 0.03359375 0.06805555555555555
3 0.67734375 0.6631944444444444 0.046875 0.09027777777777778
3 0.948046875 0.69375 0.05703125 0.14027777777777778
1 0.948046875 0.5854166666666667 0.04609375 0.05416666666666667
1 0.5296875 0.35138888888888886 0.1125 0.19722222222222222
