2 0.2984375 0.7756944444444445 0.18125 0.4486111111111111
1 0.088671875 0.5145833333333333 0.07109375 0.13194444444444445
1 0.182421875 0.5020833333333333 0.08828125 0.14583333333333334
1 0.34296875 0.46875 0.1046875 0.2513888888888889
3 0.079296875 0.7194444444444444 0.12265625 0.28888888888888886
3 0.184765625 0.725 0.09921875 0.3416666666666667
1 0.690234375 0.6694444444444444 0.02734375 0.05277777777777778
1 0.748828125 0.6486111111111111 0.02421875 0.058333333333333334
3 0.691015625 0.7125 0.03984375 0.07777777777777778
3 0.74453125 0.6944444444444444 0.0328125 0.08333333333333333
