2 0.29248046875 0.6806640625 0.08984375 0.18294270833333334
2 0.35009765625 0.6930338541666666 0.048828125 0.14127604166666666
2 0.4443359375 0.69140625 0.0859375 0.13932291666666666
1 0.1787109375 0.5924479166666666 0.0478515625 0.059895833333333336
1 0.0703125 0.5895182291666666 0.0341796875 0.039713541666666664
1 0.09228515625 0.5569661458333334 0.037109375 0.056640625
1 0.016845703125 0.5387369791666666 0.03271484375 0.042317708333333336
1 0.251220703125 0.5546875 0.03271484375 0.04296875
1 0.33642578125 0.5625 0.033203125 0.045572916666666664
1 0.536376953125 0.5836588541666666 0.02783203125 0.034505208333333336
3 0.0673828125 0.6927083333333334 0.0751953125 0.16145833333333334
3 0.169189453125 0.6735026041666666 0.07177734375 0.13997395833333334
3 0.529052734375 0.6549479166666666 0.06103515625 0.1171875
3 0.623291015625 0.74609375 0.08740234375 0.17317708333333334
3 0.724853515625 0.7281901041666666 0.09228515625 0.17513020833333334
3 0.808837890625 0.6751302083333334 0.06591796875 0.16276041666666666
3 0.885009765625 0.6829427083333334 0.07080078125 0.16927083333333334
3 0.9619140625 0.69140625 0.07421875 0.17708333333333334
