2 0.603515625 0.41150442477876104 0.11328125 0.24698310539018503
1 0.40234375 0.31979082864038616 0.056640625 0.07642799678197908
1 0.774169921875 0.248994368463395 0.04833984375 0.06838294448913917
3 0.780029296875 0.33185840707964603 0.04736328125 0.11343523732904263
1 0.0244140625 0.29806918744971844 0.0390625 0.06033789219629927
1 0.092529296875 0.29525341914722447 0.03369140625 0.05631536604987932
3 0.027099609375 0.3676588897827836 0.05224609375 0.07884151246983105
3 0.09228515625 0.34231697506033787 0.041015625 0.06355591311343524
3 0.136474609375 0.35358004827031375 0.02685546875 0.07160096540627514
1 0.120849609375 0.2727272727272727 0.02587890625 0.04344328238133548
1 0.132568359375 0.3069187449718423 0.03076171875 0.05229283990345937
1 0.14892578125 0.28640386162510056 0.0244140625 0.05148833467417538
1 0.58349609375 0.2598551890587289 0.0791015625 0.14320193081255028
