0 0.17431640625 0.40476190476190477 0.1162109375 0.2043956043956044
0 0.572265625 0.23626373626373626 0.0849609375 0.1413919413919414
2 0.232177734375 0.6014652014652014 0.18994140625 0.32967032967032966
2 0.541259765625 0.37985347985347984 0.10595703125 0.2600732600732601
3 0.050048828125 0.12930402930402932 0.06201171875 0.19267399267399268
3 0.21484375 0.12014652014652015 0.0693359375 0.19633699633699633
3 0.48291015625 0.08095238095238096 0.0947265625 0.16043956043956045
3 0.5517578125 0.09926739926739926 0.0791015625 0.15457875457875458
3 0.671142578125 0.08901098901098901 0.07177734375 0.14871794871794872
3 0.797119140625 0.09853479853479853 0.10693359375 0.1956043956043956
3 0.95263671875 0.11904761904761904 0.0947265625 0.21318681318681318
