2 0.838623046875 0.43131868131868134 0.17431640625 0.3608058608058608
2 0.609130859375 0.43956043956043955 0.15478515625 0.32112332112332115
2 0.427734375 0.36843711843711846 0.1611328125 0.2851037851037851
2 0.062255859375 0.355006105006105 0.12353515625 0.27167277167277165
2 0.328125 0.376984126984127 0.099609375 0.2863247863247863
1 0.046875 0.16788766788766787 0.0927734375 0.17826617826617827
1 0.87109375 0.0815018315018315 0.1689453125 0.1617826617826618
1 0.824462890625 0.1846764346764347 0.13330078125 0.21306471306471306
1 0.74169921875 0.15323565323565325 0.109375 0.1794871794871795
1 0.6796875 0.16971916971916973 0.099609375 0.18437118437118438
1 0.596435546875 0.19108669108669107 0.10595703125 0.19536019536019536
1 0.427734375 0.14041514041514042 0.1083984375 0.19658119658119658
1 0.33837890625 0.16575091575091574 0.09375 0.18376068376068377
1 0.152099609375 0.13156288156288157 0.09326171875 0.11172161172161173
1 0.168212890625 0.25793650793650796 0.15576171875 0.22893772893772893
