2 0.786328125 0.4375 0.07578125 0.225
2 0.844921875 0.4326388888888889 0.06953125 0.20972222222222223
3 0.041015625 0.4722222222222222 0.08046875 0.2111111111111111
1 0.024609375 0.33541666666666664 0.04765625 0.06527777777777778
3 0.166796875 0.47708333333333336 0.02109375 0.06527777777777778
1 0.16171875 0.4375 0.021875 0.03333333333333333
1 0.6890625 0.3854166666666667 0.0265625 0.05416666666666667
3 0.6859375 0.44305555555555554 0.03125 0.09444444444444444
1 0.784375 0.28541666666666665 0.046875 0.09305555555555556
1 0.8359375 0.29375 0.046875 0.09305555555555556
