2 0.508984375 0.575 0.03671875 0.1
2 0.542578125 0.5756944444444444 0.04296875 0.09583333333333334
1 0.217578125 0.5333333333333333 0.02421875 0.05277777777777778
1 0.23515625 0.5284722222222222 0.0265625 0.05138888888888889
1 0.26875 0.5125 0.034375 0.058333333333333334
3 0.2765625 0.5979166666666667 0.0375 0.13194444444444445
3 0.233203125 0.6215277777777778 0.03515625 0.11805555555555555
3 0.209765625 0.6104166666666667 0.03203125 0.11527777777777778
3 0.44765625 0.5972222222222222 0.025 0.1
1 0.44296875 0.53125 0.0171875 0.0375
1 0.5171875 0.5097222222222222 0.025 0.04722222222222222
1 0.544921875 0.5097222222222222 0.02578125 0.044444444444444446
