0 0.44650708353688323 0.5504087193460491 0.025403028822667317 0.043596730245231606
0 0.3190034196384954 0.5454132606721163 0.019540791402051783 0.02633969118982743
2 0.28431851489985344 0.592188919164396 0.027357107962872496 0.06721162579473206
2 0.4416218856863703 0.6257947320617621 0.04103566194430874 0.10354223433242507
2 0.7376648754274548 0.6121707538601272 0.03126526624328285 0.10354223433242507
2 0.8808011724474841 0.572661217075386 0.02051783097215437 0.06267029972752043
0 0.7369320957498778 0.5345140781108083 0.01709819247679531 0.035422343324250684
0 0.7007816316560821 0.5127157129881925 0.020029311187103077 0.02452316076294278
2 0.7078651685393258 0.5744777475022707 0.025403028822667317 0.07901907356948229
0 0.6897899364924279 0.5277020890099909 0.015632633121641426 0.029064486830154404
0 0.4110893991206644 0.3746594005449591 0.019052271617000488 0.02633969118982743
2 0.4069369809477284 0.4128065395095368 0.026380068392769906 0.05722070844686648
