0 0.5458984375 0.3663629460895976 0.0654296875 0.13743356112376615
0 0.615478515625 0.37585421412300685 0.07958984375 0.14578587699316628
0 0.738525390625 0.40167046317388005 0.05224609375 0.11693242217160213
0 0.806884765625 0.3678815489749431 0.08056640625 0.11769172361427487
0 0.95166015625 0.4328018223234624 0.0458984375 0.08807896735003796
0 0.670166015625 0.41154138192862566 0.02685546875 0.047076689445709946
0 0.71044921875 0.4183750949126803 0.02734375 0.0425208807896735
0 0.65576171875 0.4050873196659074 0.0205078125 0.029612756264236904
2 0.85791015625 0.5322703113135915 0.11328125 0.25816249050873197
3 0.603759765625 0.5998481397114654 0.11669921875 0.3447228549734245
3 0.729736328125 0.5599848139711465 0.11279296875 0.23614274867122248
3 0.51953125 0.5140470766894457 0.1201171875 0.25208807896735
