2 0.752685546875 0.5736434108527132 0.14892578125 0.3426356589147287
2 0.592041015625 0.6558139534883721 0.14990234375 0.34418604651162793
0 0.10888671875 0.3147286821705426 0.07421875 0.14418604651162792
0 0.370361328125 0.3612403100775194 0.07763671875 0.12868217054263567
0 0.59765625 0.43294573643410855 0.119140625 0.1945736434108527
0 0.746337890625 0.36472868217054266 0.09423828125 0.175968992248062
3 0.37158203125 0.5131782945736434 0.1025390625 0.2062015503875969
3 0.2197265625 0.5844961240310077 0.1337890625 0.2806201550387597
3 0.1044921875 0.49147286821705427 0.1279296875 0.29147286821705426
1 0.20947265625 0.3922480620155039 0.1123046875 0.1875968992248062
