0 0.227294921875 0.37187958883994127 0.08642578125 0.157856093979442
0 0.32568359375 0.37738619676945667 0.0615234375 0.12187958883994127
0 0.391357421875 0.3472834067547724 0.08251953125 0.14096916299559473
0 0.523681640625 0.35829662261380324 0.10009765625 0.15565345080763582
2 0.201171875 0.566079295154185 0.138671875 0.2922173274596182
2 0.4013671875 0.5341409691629956 0.1455078125 0.263582966226138
2 0.556884765625 0.5572687224669604 0.11083984375 0.29955947136563876
3 0.2978515625 0.5304698972099853 0.0703125 0.2621145374449339
3 0.840087890625 0.5903083700440529 0.15576171875 0.2657856093979442
0 0.843994140625 0.3997797356828194 0.10302734375 0.15638766519823788
