0 0.133056640625 0.21769456681350954 0.17236328125 0.290014684287812
0 0.3310546875 0.26248164464023493 0.12109375 0.18722466960352424
0 0.51611328125 0.37041116005873714 0.0849609375 0.14023494860499267
0 0.776611328125 0.3120411160058737 0.12548828125 0.21879588839941264
0 0.8818359375 0.3076358296622614 0.0986328125 0.16152716593245228
2 0.512451171875 0.55359765051395 0.12939453125 0.2687224669603524
3 0.315185546875 0.4776064610866373 0.14697265625 0.3311306901615272
3 0.144287109375 0.4897209985315712 0.21337890625 0.4287812041116006
3 0.810546875 0.5939794419970631 0.189453125 0.44493392070484583
3 0.91845703125 0.46365638766519823 0.111328125 0.25624082232011747
