2 0.083740234375 0.5748898678414097 0.16650390625 0.4023494860499266
0 0.1181640625 0.30947136563876654 0.12890625 0.19309838472834068
0 0.259521484375 0.34618208516886934 0.08251953125 0.14757709251101322
2 0.250732421875 0.5091776798825257 0.13720703125 0.25036710719530103
0 0.42236328125 0.39060205580029367 0.0888671875 0.13803230543318648
2 0.402099609375 0.5227606461086637 0.12939453125 0.2173274596182085
0 0.554443359375 0.381057268722467 0.07275390625 0.13509544787077826
2 0.56005859375 0.5216593245227606 0.126953125 0.22540381791483113
0 0.65869140625 0.3300293685756241 0.09765625 0.16519823788546256
2 0.68994140625 0.5499265785609398 0.146484375 0.32599118942731276
0 0.83837890625 0.4247430249632893 0.0888671875 0.13729809104258445
2 0.849609375 0.5653450807635829 0.125 0.20998531571218795
