2 0.315234375 0.4979166666666667 0.07421875 0.1736111111111111
2 0.390625 0.49444444444444446 0.0765625 0.15555555555555556
1 0.222265625 0.4479166666666667 0.09765625 0.16527777777777777
1 0.31328125 0.36666666666666664 0.046875 0.08888888888888889
1 0.3875 0.3784722222222222 0.040625 0.09305555555555556
1 0.9515625 0.4215277777777778 0.0453125 0.0875
1 0.9296875 0.38472222222222224 0.04375 0.075
1 0.880078125 0.42986111111111114 0.03828125 0.06527777777777778
1 0.804296875 0.39444444444444443 0.03671875 0.075
1 0.7734375 0.35833333333333334 0.0359375 0.06388888888888888
1 0.837890625 0.36041666666666666 0.03359375 0.04583333333333333
1 0.7109375 0.3680555555555556 0.025 0.044444444444444446
1 0.594921875 0.3784722222222222 0.02109375 0.04583333333333333
3 0.4234375 0.37222222222222223 0.021875 0.08055555555555556
3 0.4453125 0.38125 0.034375 0.09305555555555556
3 0.594921875 0.43125 0.03359375 0.09027777777777778
3 0.707421875 0.42291666666666666 0.03203125 0.07916666666666666
3 0.77265625 0.4340277777777778 0.0484375 0.11527777777777778
3 0.80390625 0.5 0.0578125 0.15
3 0.956640625 0.5284722222222222 0.07890625 0.18472222222222223
3 0.87734375 0.5256944444444445 0.0578125 0.13472222222222222
