2 0.287109375 0.475 0.15390625 0.3861111111111111
2 0.60703125 0.4534722222222222 0.15625 0.3597222222222222
1 0.292578125 0.19375 0.08359375 0.2152777777777778
1 0.616796875 0.19166666666666668 0.09140625 0.2
1 0.800390625 0.16458333333333333 0.04609375 0.07361111111111111
3 0.79609375 0.23402777777777778 0.0578125 0.12083333333333333
3 0.428125 0.1840277777777778 0.0484375 0.11805555555555555
1 0.433203125 0.09513888888888888 0.03828125 0.07361111111111111
3 0.571484375 0.23194444444444445 0.04921875 0.09722222222222222
1 0.57578125 0.16875 0.0265625 0.04583333333333333
1 0.178125 0.1076388888888889 0.0390625 0.0763888888888889
3 0.18125 0.19027777777777777 0.0578125 0.13333333333333333
3 0.94140625 0.24930555555555556 0.034375 0.10972222222222222
3 0.983984375 0.22777777777777777 0.03203125 0.11388888888888889
1 0.94375 0.17430555555555555 0.028125 0.05138888888888889
1 0.975390625 0.15208333333333332 0.03359375 0.05416666666666667
1 0.071484375 0.2548611111111111 0.11796875 0.2125
