2 0.390234375 0.48680555555555555 0.03828125 0.10694444444444444
1 0.589453125 0.4756944444444444 0.07109375 0.1875
1 0.695703125 0.5027777777777778 0.07265625 0.14166666666666666
1 0.637890625 0.4083333333333333 0.03984375 0.06944444444444445
1 0.515234375 0.4625 0.05390625 0.10555555555555556
1 0.412890625 0.40625 0.02421875 0.04583333333333333
1 0.459765625 0.4361111111111111 0.02890625 0.058333333333333334
1 0.3890625 0.4111111111111111 0.01875 0.03888888888888889
1 0.374609375 0.4013888888888889 0.02421875 0.05
3 0.56875 0.6590277777777778 0.128125 0.2986111111111111
3 0.6859375 0.68125 0.1 0.2763888888888889
3 0.46796875 0.5326388888888889 0.03125 0.11805555555555555
