0 0.1538837322911578 0.24652014652014653 0.142647777234978 0.25860805860805863
2 0.10014655593551539 0.5666666666666667 0.19931607230092818 0.5223443223443224
0 0.3255984367366878 0.384981684981685 0.12457254518808011 0.14871794871794872
0 0.5246702491450904 0.4545787545787546 0.07816316560820713 0.136996336996337
0 0.8155837811431363 0.48937728937728936 0.11480214948705422 0.18461538461538463
3 0.30752320468978994 0.5846153846153846 0.1607230092818759 0.32967032967032966
3 0.5217391304347826 0.6443223443223444 0.17391304347826086 0.27912087912087913
3 0.710552027357108 0.6765567765567766 0.11089399120664387 0.22490842490842491
3 0.8148510014655593 0.6901098901098901 0.14655593551538837 0.31062271062271063
0 0.7081094284318515 0.5183150183150184 0.07962872496336101 0.11794871794871795
