0 0.05322265625 0.2932942708333333 0.0732421875 0.126953125
0 0.781494140625 0.32421875 0.19091796875 0.3125
0 0.541748046875 0.24967447916666666 0.12646484375 0.18684895833333334
0 0.426025390625 0.31640625 0.09814453125 0.16015625
0 0.3603515625 0.3053385416666667 0.0615234375 0.08854166666666667
0 0.327392578125 0.2916666666666667 0.06494140625 0.09375
2 0.05810546875 0.40625 0.115234375 0.1953125
2 0.8154296875 0.6344401041666666 0.3076171875 0.509765625
2 0.58984375 0.4443359375 0.1728515625 0.3118489583333333
2 0.431396484375 0.4641927083333333 0.14013671875 0.2591145833333333
2 0.374755859375 0.4375 0.10498046875 0.18619791666666666
2 0.3349609375 0.4016927083333333 0.0673828125 0.13932291666666666
