0 0.235107421875 0.25 0.08544921875 0.16226138032305434
0 0.33544921875 0.2936857562408223 0.0849609375 0.12481644640234948
0 0.450927734375 0.1949339207048458 0.10009765625 0.17547723935389134
0 0.8623046875 0.263582966226138 0.087890625 0.14831130690161526
2 0.12109375 0.43061674008810574 0.1025390625 0.223935389133627
2 0.236083984375 0.46292217327459617 0.14990234375 0.31791483113069013
2 0.342041015625 0.45704845814977973 0.10986328125 0.2577092511013216
2 0.476318359375 0.41152716593245225 0.14501953125 0.31791483113069013
2 0.874267578125 0.43061674008810574 0.14892578125 0.25624082232011747
0 0.134033203125 0.2958883994126285 0.07275390625 0.11894273127753303
0 0.025634765625 0.3399412628487518 0.02392578125 0.023494860499265784
2 0.04833984375 0.3858296622613803 0.037109375 0.08002936857562408
