0 0.12548828125 0.23709677419354838 0.0634765625 0.11451612903225807
0 0.222412109375 0.25040322580645163 0.05712890625 0.1217741935483871
0 0.28515625 0.2685483870967742 0.052734375 0.10967741935483871
0 0.43212890625 0.25806451612903225 0.146484375 0.317741935483871
0 0.3662109375 0.2991935483870968 0.0380859375 0.05
0 0.526123046875 0.3040322580645161 0.05029296875 0.10483870967741936
0 0.676513671875 0.1875 0.17919921875 0.31370967741935485
2 0.5302734375 0.4068548387096774 0.0732421875 0.1620967741935484
2 0.398193359375 0.6504032258064516 0.22705078125 0.6217741935483871
2 0.745361328125 0.635483870967742 0.26416015625 0.6935483870967742
3 0.109619140625 0.3935483870967742 0.08056640625 0.17903225806451614
