2 0.410546875 0.5944444444444444 0.03671875 0.11388888888888889
2 0.476171875 0.5909722222222222 0.03984375 0.10416666666666667
3 0.308984375 0.68125 0.04453125 0.12916666666666668
3 0.245703125 0.7270833333333333 0.04609375 0.12361111111111112
3 0.25859375 0.6409722222222223 0.040625 0.14027777777777778
3 0.8890625 0.7555555555555555 0.040625 0.17222222222222222
3 0.98125 0.6715277777777777 0.0375 0.2152777777777778
1 0.236328125 0.5618055555555556 0.03359375 0.05416666666666667
1 0.310546875 0.6027777777777777 0.05546875 0.08888888888888889
1 0.41484375 0.5166666666666667 0.0328125 0.06111111111111111
1 0.47734375 0.5194444444444445 0.034375 0.06666666666666667
1 0.891015625 0.6430555555555556 0.05703125 0.1
1 0.836328125 0.5256944444444445 0.03515625 0.05416666666666667
3 0.8421875 0.5743055555555555 0.040625 0.0875
