2 0.380078125 0.49722222222222223 0.08828125 0.23333333333333334
2 0.327734375 0.49722222222222223 0.04765625 0.22777777777777777
1 0.028515625 0.44305555555555554 0.05234375 0.11944444444444445
1 0.115625 0.4083333333333333 0.0546875 0.08888888888888889
1 0.386328125 0.3145833333333333 0.05234375 0.0875
1 0.3546875 0.33125 0.040625 0.07361111111111111
1 0.503125 0.44027777777777777 0.040625 0.08333333333333333
1 0.6109375 0.41180555555555554 0.071875 0.14583333333333334
1 0.933984375 0.6125 0.05234375 0.09722222222222222
1 0.977734375 0.4236111111111111 0.04453125 0.11388888888888889
3 0.0390625 0.55 0.0765625 0.16666666666666666
3 0.01875 0.7486111111111111 0.0359375 0.13055555555555556
3 0.132421875 0.5055555555555555 0.07109375 0.13333333333333333
3 0.511328125 0.5493055555555556 0.06015625 0.1625
3 0.606640625 0.5652777777777778 0.09765625 0.225
3 0.92890625 0.6958333333333333 0.059375 0.125
