2 0.258984375 0.5180555555555556 0.05078125 0.225
2 0.316796875 0.5201388888888889 0.05546875 0.20694444444444443
3 0.387890625 0.5486111111111112 0.08671875 0.2722222222222222
1 0.380078125 0.3729166666666667 0.06953125 0.11527777777777778
1 0.333984375 0.375 0.05234375 0.09722222222222222
1 0.27421875 0.3638888888888889 0.0546875 0.09166666666666666
1 0.214453125 0.4222222222222222 0.06171875 0.11388888888888889
1 0.153125 0.4597222222222222 0.053125 0.10833333333333334
3 0.21796875 0.5909722222222222 0.0859375 0.22916666666666666
3 0.15390625 0.5701388888888889 0.053125 0.15694444444444444
1 0.555859375 0.6131944444444445 0.05390625 0.07916666666666666
3 0.555859375 0.7111111111111111 0.06484375 0.13333333333333333
1 0.702734375 0.5736111111111111 0.05078125 0.10277777777777777
3 0.736328125 0.6569444444444444 0.06171875 0.17222222222222222
1 0.801171875 0.4027777777777778 0.11953125 0.16666666666666666
3 0.809375 0.6333333333333333 0.1265625 0.34444444444444444
1 0.930859375 0.49375 0.05390625 0.10416666666666667
3 0.94140625 0.6083333333333333 0.071875 0.16111111111111112
