2 0.448828125 0.4048611111111111 0.05078125 0.12361111111111112
2 0.49921875 0.4013888888888889 0.046875 0.1388888888888889
3 0.355078125 0.4534722222222222 0.07421875 0.1875
3 0.105859375 0.4388888888888889 0.05703125 0.16666666666666666
3 0.033984375 0.45555555555555555 0.05703125 0.14444444444444443
3 0.065234375 0.38472222222222224 0.03671875 0.10277777777777777
3 0.55546875 0.41875 0.0390625 0.12083333333333333
3 0.659375 0.44305555555555554 0.0375 0.10555555555555556
1 0.109765625 0.34305555555555556 0.03984375 0.07777777777777778
1 0.065625 0.32708333333333334 0.0296875 0.05694444444444444
1 0.037109375 0.36666666666666664 0.05546875 0.1
1 0.158984375 0.36944444444444446 0.03671875 0.08055555555555556
1 0.1953125 0.36666666666666664 0.0328125 0.06388888888888888
1 0.349609375 0.32916666666666666 0.07109375 0.07777777777777778
1 0.456640625 0.3194444444444444 0.03828125 0.06944444444444445
1 0.50703125 0.3020833333333333 0.04375 0.06805555555555555
1 0.55625 0.3416666666666667 0.0375 0.06111111111111111
1 0.653125 0.32430555555555557 0.04375 0.0625
