2 0.350390625 0.36527777777777776 0.13359375 0.3138888888888889
2 0.4953125 0.3576388888888889 0.128125 0.30972222222222223
3 0.223828125 0.5048611111111111 0.18984375 0.4097222222222222
1 0.213671875 0.19652777777777777 0.13515625 0.18194444444444444
1 0.357421875 0.15208333333333332 0.08515625 0.16527777777777777
1 0.48515625 0.15069444444444444 0.078125 0.16527777777777777
1 0.840625 0.28194444444444444 0.0859375 0.11666666666666667
3 0.833203125 0.4125 0.08359375 0.17777777777777778
3 0.951953125 0.5784722222222223 0.04765625 0.12083333333333333
1 0.954296875 0.4888888888888889 0.04453125 0.07777777777777778
