2 0.748046875 0.5722222222222222 0.10859375 0.2861111111111111
2 0.936328125 0.5625 0.08515625 0.2833333333333333
1 0.718359375 0.3597222222222222 0.07734375 0.11944444444444445
1 0.93046875 0.3701388888888889 0.0796875 0.11527777777777778
1 0.552734375 0.37777777777777777 0.06328125 0.10833333333333334
1 0.53359375 0.42916666666666664 0.0640625 0.11666666666666667
3 0.533984375 0.6041666666666666 0.06640625 0.275
3 0.255859375 0.5208333333333334 0.08671875 0.19722222222222222
1 0.24765625 0.3861111111111111 0.0625 0.08611111111111111
1 0.083984375 0.32430555555555557 0.07109375 0.11805555555555555
3 0.087890625 0.4652777777777778 0.10390625 0.2111111111111111
