2 0.461328125 0.4888888888888889 0.07890625 0.20555555555555555
2 0.53203125 0.48541666666666666 0.0765625 0.20694444444444443
1 0.460546875 0.3347222222222222 0.05078125 0.09722222222222222
1 0.513671875 0.33402777777777776 0.05703125 0.09583333333333334
1 0.9625 0.3416666666666667 0.059375 0.14444444444444443
3 0.95546875 0.4826388888888889 0.08125 0.20694444444444443
1 0.8734375 0.5833333333333334 0.046875 0.1
1 0.982421875 0.5361111111111111 0.03515625 0.1
1 0.835546875 0.39444444444444443 0.04140625 0.08611111111111111
1 0.902734375 0.3680555555555556 0.03515625 0.09722222222222222
3 0.605859375 0.38958333333333334 0.04921875 0.10416666666666667
1 0.593359375 0.3333333333333333 0.03203125 0.05277777777777778
