2 0.450390625 0.49236111111111114 0.07109375 0.19583333333333333
2 0.508203125 0.49583333333333335 0.06171875 0.16944444444444445
3 0.63203125 0.55625 0.203125 0.45416666666666666
1 0.45078125 0.36180555555555555 0.05625 0.10972222222222222
1 0.499609375 0.3645833333333333 0.05234375 0.10694444444444444
1 0.61171875 0.24097222222222223 0.125 0.2875
1 0.976953125 0.35625 0.04609375 0.12638888888888888
1 0.934765625 0.40069444444444446 0.04921875 0.10694444444444444
3 0.9796875 0.69375 0.040625 0.1625
3 0.9671875 0.5131944444444444 0.065625 0.2013888888888889
3 0.90625 0.7222222222222222 0.053125 0.1388888888888889
1 0.906640625 0.60625 0.04765625 0.07361111111111111
1 0.87578125 0.3715277777777778 0.034375 0.0763888888888889
1 0.982421875 0.5576388888888889 0.03515625 0.08194444444444444
