2 0.359765625 0.4513888888888889 0.06484375 0.1638888888888889
2 0.465625 0.4583333333333333 0.0640625 0.16666666666666666
1 0.3625 0.33402777777777776 0.053125 0.09305555555555556
1 0.469921875 0.33611111111111114 0.04609375 0.08611111111111111
1 0.725390625 0.36666666666666664 0.07734375 0.14166666666666666
1 0.694140625 0.5798611111111112 0.06484375 0.11527777777777778
1 0.84296875 0.3159722222222222 0.0640625 0.14583333333333334
1 0.928515625 0.38263888888888886 0.06484375 0.12361111111111112
3 0.731640625 0.4875 0.08984375 0.15555555555555556
3 0.8375 0.48055555555555557 0.096875 0.23055555555555557
3 0.931640625 0.6638888888888889 0.06171875 0.16944444444444445
3 0.698046875 0.6923611111111111 0.05703125 0.14305555555555555
3 0.9265625 0.5006944444444444 0.0609375 0.15138888888888888
