2 0.409375 0.6319444444444444 0.05625 0.13055555555555556
2 0.474609375 0.6416666666666667 0.06015625 0.13055555555555556
1 0.1921875 0.7465277777777778 0.090625 0.12083333333333333
1 0.505859375 0.7854166666666667 0.06796875 0.14305555555555555
1 0.58671875 0.7472222222222222 0.0640625 0.1
1 0.702734375 0.7951388888888888 0.06171875 0.10416666666666667
3 0.198046875 0.8645833333333334 0.09609375 0.1986111111111111
3 0.514453125 0.8972222222222223 0.08203125 0.16944444444444445
1 0.40078125 0.54375 0.0359375 0.07916666666666666
1 0.46953125 0.5590277777777778 0.0359375 0.06527777777777778
3 0.2171875 0.40208333333333335 0.040625 0.10416666666666667
3 0.40625 0.4027777777777778 0.040625 0.09166666666666666
3 0.490234375 0.32222222222222224 0.03515625 0.08611111111111111
3 0.3015625 0.3527777777777778 0.0328125 0.075
3 0.269140625 0.34444444444444444 0.02890625 0.06944444444444445
1 0.21484375 0.325 0.025 0.06111111111111111
1 0.213671875 0.24513888888888888 0.03359375 0.06805555555555555
