2 0.397265625 0.49722222222222223 0.06328125 0.16666666666666666
2 0.467578125 0.5069444444444444 0.07109375 0.15
1 0.15078125 0.9173611111111111 0.0734375 0.1597222222222222
1 0.23125 0.8555555555555555 0.078125 0.1527777777777778
1 0.510546875 0.9215277777777777 0.08515625 0.15694444444444444
1 0.716796875 0.8583333333333333 0.07109375 0.1111111111111111
1 0.400390625 0.39305555555555555 0.05234375 0.08333333333333333
1 0.4671875 0.39861111111111114 0.059375 0.10555555555555556
1 0.172265625 0.3076388888888889 0.03671875 0.0875
1 0.208203125 0.25833333333333336 0.04609375 0.09444444444444444
3 0.2078125 0.3645833333333333 0.0515625 0.14305555555555555
3 0.165234375 0.39305555555555555 0.05234375 0.13333333333333333
3 0.284765625 0.4618055555555556 0.04140625 0.10416666666666667
1 0.284375 0.38472222222222224 0.040625 0.07222222222222222
1 0.2640625 0.23333333333333334 0.04375 0.075
3 0.27421875 0.3076388888888889 0.0453125 0.10694444444444444
1 0.54296875 0.26875 0.0421875 0.08472222222222223
3 0.544921875 0.35625 0.05234375 0.12916666666666668
3 0.604296875 0.41805555555555557 0.04140625 0.09722222222222222
1 0.61015625 0.35625 0.03125 0.06805555555555555
3 0.588671875 0.5388888888888889 0.05234375 0.11944444444444445
