2 0.415234375 0.5513888888888889 0.06484375 0.1527777777777778
2 0.497265625 0.5569444444444445 0.06640625 0.16111111111111112
1 0.232421875 0.4513888888888889 0.03359375 0.075
3 0.235546875 0.5243055555555556 0.04453125 0.09027777777777778
1 0.21171875 0.6125 0.0359375 0.08333333333333333
3 0.21171875 0.7194444444444444 0.053125 0.15
1 0.25625 0.6027777777777777 0.040625 0.06944444444444445
3 0.255859375 0.6958333333333333 0.04453125 0.13055555555555556
3 0.3421875 0.5625 0.0375 0.10555555555555556
3 0.312109375 0.5847222222222223 0.02890625 0.1111111111111111
1 0.316015625 0.5104166666666666 0.02421875 0.05694444444444444
1 0.35390625 0.5013888888888889 0.0328125 0.06111111111111111
1 0.420703125 0.44583333333333336 0.05078125 0.09444444444444444
1 0.491796875 0.4513888888888889 0.04765625 0.09444444444444444
1 0.67265625 0.44583333333333336 0.0421875 0.08611111111111111
3 0.667578125 0.5090277777777777 0.04140625 0.09583333333333334
1 0.6296875 0.5284722222222222 0.05 0.10138888888888889
3 0.617578125 0.6152777777777778 0.03984375 0.1388888888888889
3 0.6546875 0.6486111111111111 0.0328125 0.08888888888888889
1 0.656640625 0.5729166666666666 0.03984375 0.05416666666666667
1 0.65234375 0.8055555555555556 0.0484375 0.07777777777777778
3 0.658203125 0.8993055555555556 0.05078125 0.12916666666666668
