0 0.19091796875 0.12087912087912088 0.078125 0.1304029304029304
2 0.1826171875 0.2857142857142857 0.125 0.27692307692307694
1 0.913330078125 0.23223443223443224 0.06005859375 0.10842490842490843
3 0.91796875 0.3076923076923077 0.0810546875 0.08205128205128205
1 0.83837890625 0.22967032967032966 0.0654296875 0.10036630036630037
3 0.836669921875 0.3139194139194139 0.09130859375 0.09743589743589744
1 0.71875 0.21978021978021978 0.052734375 0.09230769230769231
3 0.73828125 0.2978021978021978 0.0693359375 0.11794871794871795
3 0.6767578125 0.29633699633699634 0.076171875 0.08424908424908426
1 0.675048828125 0.2293040293040293 0.04248046875 0.07179487179487179
1 0.646240234375 0.20512820512820512 0.04638671875 0.07912087912087912
1 0.45556640625 0.2087912087912088 0.052734375 0.08937728937728938
1 0.381591796875 0.23186813186813188 0.05615234375 0.073992673992674
1 0.35498046875 0.2271062271062271 0.05078125 0.07765567765567766
