2 0.3471875 0.5089034676663543 0.343125 0.6522961574507966
2 0.0303125 0.5571696344892221 0.023125 0.059044048734770385
2 0.055 0.5660731021555764 0.0325 0.07310215557638237
2 0.110625 0.6152764761012184 0.06625 0.13776944704779756
2 0.17375 0.5477975632614808 0.0275 0.06841611996251172
2 0.9690625 0.5866916588566073 0.034375 0.13495782567947517
2 0.84 0.569821930646673 0.0225 0.05998125585754452
2 0.8659375 0.5815370196813496 0.029375 0.059044048734770385
2 0.891875 0.5791940018744143 0.0175 0.06373008434864105
2 0.9265625 0.5927835051546392 0.025625 0.06279287722586692
1 0.571875 0.19962511715089035 0.25125 0.3561387066541706
1 0.6775 0.21087160262417995 0.17125 0.33552014995313967
1 0.0346875 0.5131208997188379 0.026875 0.038425492033739454
1 0.06 0.5164011246485474 0.025 0.03561387066541706
1 0.1190625 0.5187441424554826 0.046875 0.07029053420805999
1 0.1815625 0.5042174320524836 0.023125 0.04311152764761012
1 0.8365625 0.5304592314901593 0.020625 0.03748828491096532
1 0.86625 0.5435801312089972 0.02 0.041237113402061855
1 0.924375 0.5538894095595126 0.02 0.03748828491096532
1 0.89125 0.5229615745079662 0.025 0.02999062792877226
