0 0.2197265625 0.3268229166666667 0.0556640625 0.12413194444444445
2 0.2216796875 0.4848090277777778 0.08984375 0.2300347222222222
2 0.403564453125 0.5360243055555556 0.08251953125 0.2404513888888889
0 0.402099609375 0.3307291666666667 0.06884765625 0.08680555555555555
0 0.470703125 0.3767361111111111 0.0654296875 0.1440972222222222
2 0.488525390625 0.5481770833333334 0.09912109375 0.2439236111111111
0 0.608154296875 0.3472222222222222 0.05517578125 0.11979166666666667
2 0.60498046875 0.4947916666666667 0.1044921875 0.2361111111111111
0 0.7216796875 0.3511284722222222 0.060546875 0.1345486111111111
2 0.7314453125 0.4956597222222222 0.09375 0.21354166666666666
0 0.821533203125 0.3146701388888889 0.03564453125 0.0546875
2 0.8125 0.4448784722222222 0.0634765625 0.15711805555555555
3 0.13671875 0.43359375 0.0771484375 0.1918402777777778
1 0.139404296875 0.2955729166666667 0.06201171875 0.1171875
3 0.29931640625 0.4210069444444444 0.056640625 0.14756944444444445
1 0.3017578125 0.3276909722222222 0.044921875 0.0876736111111111
3 0.864990234375 0.4040798611111111 0.05615234375 0.1362847222222222
1 0.858154296875 0.2934027777777778 0.04248046875 0.0763888888888889
