0 0.087646484375 0.3904761904761905 0.08544921875 0.1748917748917749
2 0.1064453125 0.5636363636363636 0.119140625 0.2510822510822511
0 0.311767578125 0.358008658008658 0.07275390625 0.16883116883116883
2 0.2861328125 0.5575757575757576 0.1083984375 0.25627705627705627
2 0.565673828125 0.5385281385281385 0.10791015625 0.23896103896103896
0 0.82470703125 0.33766233766233766 0.07421875 0.18528138528138527
2 0.812744140625 0.5268398268398269 0.11083984375 0.2658008658008658
3 0.3994140625 0.6532467532467533 0.09765625 0.18441558441558442
1 0.352783203125 0.5575757575757576 0.04443359375 0.0761904761904762
1 0.37060546875 0.5277056277056277 0.03515625 0.05627705627705628
1 0.4033203125 0.5588744588744589 0.048828125 0.05800865800865801
1 0.935791015625 0.2883116883116883 0.11865234375 0.19393939393939394
3 0.934326171875 0.5316017316017316 0.12841796875 0.30303030303030304
