2 0.45546875 0.4361111111111111 0.075 0.15555555555555556
1 0.453515625 0.3333333333333333 0.04765625 0.09166666666666666
3 0.544921875 0.4666666666666667 0.02890625 0.08888888888888889
3 0.64140625 0.4263888888888889 0.0390625 0.09444444444444444
3 0.34375 0.42777777777777776 0.0359375 0.08055555555555556
3 0.3890625 0.3763888888888889 0.03125 0.06944444444444445
3 0.520703125 0.42430555555555555 0.01640625 0.05138888888888889
3 0.7171875 0.4 0.021875 0.05
3 0.69296875 0.40069444444444446 0.0203125 0.05138888888888889
3 0.671875 0.4041666666666667 0.0234375 0.05555555555555555
1 0.6375 0.36736111111111114 0.034375 0.05416666666666667
1 0.541015625 0.39861111111111114 0.03046875 0.06388888888888888
1 0.518359375 0.38819444444444445 0.02421875 0.034722222222222224
1 0.3390625 0.37083333333333335 0.0375 0.06388888888888888
1 0.38515625 0.325 0.03125 0.041666666666666664
