2 0.518359375 0.5201388888888889 0.11796875 0.2902777777777778
1 0.270703125 0.6013888888888889 0.10078125 0.16666666666666666
1 0.17265625 0.6854166666666667 0.0984375 0.22083333333333333
3 0.276953125 0.7819444444444444 0.10703125 0.23333333333333334
3 0.17578125 0.8756944444444444 0.1109375 0.24861111111111112
3 0.067578125 0.7840277777777778 0.13359375 0.43194444444444446
3 0.146484375 0.5076388888888889 0.09296875 0.16805555555555557
1 0.141796875 0.37916666666666665 0.07734375 0.12222222222222222
1 0.524609375 0.30416666666666664 0.08359375 0.15833333333333333
3 0.265625 0.4048611111111111 0.028125 0.06805555555555555
3 0.24375 0.42569444444444443 0.021875 0.06527777777777778
1 0.2453125 0.375 0.01875 0.03611111111111111
1 0.258203125 0.36041666666666666 0.01953125 0.04027777777777778
3 0.62890625 0.45 0.034375 0.09166666666666666
1 0.6296875 0.3888888888888889 0.0234375 0.044444444444444446
