2 0.55859375 0.5097222222222222 0.0484375 0.11388888888888889
2 0.6140625 0.5243055555555556 0.04375 0.11527777777777778
1 0.409765625 0.41388888888888886 0.04296875 0.07222222222222222
1 0.534375 0.40694444444444444 0.0328125 0.06111111111111111
1 0.561328125 0.4375 0.03046875 0.06388888888888888
1 0.605078125 0.45208333333333334 0.03828125 0.07083333333333333
1 0.641796875 0.41180555555555554 0.02578125 0.06805555555555555
1 0.66328125 0.5034722222222222 0.0328125 0.06805555555555555
1 0.6859375 0.5569444444444445 0.0328125 0.06388888888888888
1 0.7296875 0.4513888888888889 0.040625 0.075
1 0.791796875 0.4708333333333333 0.03671875 0.08333333333333333
3 0.789453125 0.5472222222222223 0.04453125 0.10277777777777777
3 0.7390625 0.5291666666666667 0.05 0.12222222222222222
3 0.6625 0.5708333333333333 0.034375 0.09444444444444444
3 0.68828125 0.6027777777777777 0.0328125 0.06944444444444445
3 0.49140625 0.5965277777777778 0.05 0.10694444444444444
1 0.49453125 0.5222222222222223 0.04375 0.075
1 0.513671875 0.6465277777777778 0.03984375 0.07083333333333333
3 0.510546875 0.7263888888888889 0.04609375 0.125
1 0.38515625 0.8694444444444445 0.071875 0.14444444444444443
1 0.518359375 0.8618055555555556 0.08515625 0.16527777777777777
1 0.61796875 0.89375 0.0671875 0.14583333333333334
1 0.6765625 0.9423611111111111 0.059375 0.11527777777777778
1 0.782421875 0.7770833333333333 0.04609375 0.09861111111111111
1 0.414453125 0.6791666666666667 0.04140625 0.06111111111111111
1 0.37421875 0.7236111111111111 0.03125 0.06944444444444445
3 0.369921875 0.7993055555555556 0.03671875 0.10416666666666667
3 0.41796875 0.7305555555555555 0.0296875 0.06388888888888888
3 0.786328125 0.88125 0.06171875 0.16527777777777777
3 0.413671875 0.49583333333333335 0.05078125 0.12777777777777777
