2 0.214375 0.8280224929709465 0.24875 0.34395501405810686
2 0.13 0.39878163074039363 0.1375 0.2839737582005623
2 0.46875 0.24133083411433928 0.06875 0.15089034676663543
2 0.59625 0.3697282099343955 0.12875 0.29896907216494845
2 0.845625 0.23336457357075913 0.09 0.15557638238050608
2 0.41125 0.17994376757263356 0.04125 0.12371134020618557
1 0.8684375 0.14807872539831302 0.071875 0.13120899718837864
1 0.6065625 0.17994376757263356 0.070625 0.12371134020618557
1 0.58125 0.12839737582005623 0.0575 0.08247422680412371
1 0.4684375 0.13823805060918462 0.071875 0.10590440487347703
1 0.376875 0.14995313964386128 0.0575 0.07685098406747891
1 0.3878125 0.1190253045923149 0.045625 0.07685098406747891
1 0.2446875 0.15182755388940955 0.115625 0.1893158388003749
1 0.325 0.23149015932521086 0.13 0.18556701030927836
1 0.4109375 0.3865979381443299 0.126875 0.28772258669165884
1 0.2625 0.5018744142455482 0.19875 0.3139643861293346
1 0.1046875 0.2282099343955014 0.120625 0.17713214620431114
