2 0.386328125 0.8201388888888889 0.21484375 0.3597222222222222
2 0.70859375 0.8229166666666666 0.29375 0.3541666666666667
1 0.410546875 0.5173611111111112 0.12890625 0.22916666666666666
1 0.66953125 0.5020833333333333 0.1703125 0.2791666666666667
3 0.1765625 0.7819444444444444 0.06875 0.14444444444444443
3 0.25546875 0.8131944444444444 0.0390625 0.12638888888888888
1 0.26015625 0.7340277777777777 0.0328125 0.0763888888888889
1 0.1734375 0.7 0.0375 0.08055555555555556
1 0.94375 0.6798611111111111 0.040625 0.09027777777777778
3 0.9296875 0.775 0.0625 0.14166666666666666
3 0.8609375 0.7770833333333333 0.0421875 0.12916666666666668
3 0.07265625 0.8090277777777778 0.0484375 0.12916666666666668
1 0.080859375 0.7263888888888889 0.03984375 0.06944444444444445
3 0.030859375 0.8416666666666667 0.03984375 0.09722222222222222
