2 0.66064453125 0.49779411764705883 0.1962890625 0.275
2 0.9150390625 0.24632352941176472 0.0390625 0.0838235294117647
1 0.408203125 0.3558823529411765 0.10546875 0.16470588235294117
1 0.54345703125 0.35955882352941176 0.1142578125 0.1661764705882353
3 0.3798828125 0.5360294117647059 0.1328125 0.3044117647058823
3 0.84033203125 0.26323529411764707 0.0341796875 0.07058823529411765
3 0.79345703125 0.23897058823529413 0.0302734375 0.0661764705882353
3 0.763671875 0.23676470588235293 0.02734375 0.07352941176470588
1 0.763671875 0.1889705882352941 0.025390625 0.03676470588235294
1 0.7900390625 0.19264705882352942 0.02734375 0.041176470588235294
1 0.8369140625 0.22205882352941175 0.025390625 0.03529411764705882
1 0.91064453125 0.18529411764705883 0.0263671875 0.041176470588235294
