2 0.38984375 0.7361111111111112 0.05 0.1
1 0.182421875 0.7423611111111111 0.07734375 0.13194444444444445
1 0.15 0.6798611111111111 0.065625 0.1125
3 0.166015625 0.9006944444444445 0.10859375 0.1986111111111111
3 0.051953125 0.8069444444444445 0.06953125 0.17777777777777778
1 0.06171875 0.6868055555555556 0.04375 0.0875
1 0.022265625 0.6826388888888889 0.04296875 0.08472222222222223
1 0.090234375 0.7090277777777778 0.03984375 0.07361111111111111
1 0.342578125 0.7055555555555556 0.06953125 0.11666666666666667
3 0.340234375 0.8770833333333333 0.08203125 0.23194444444444445
1 0.38984375 0.6465277777777778 0.0453125 0.10138888888888889
1 0.455859375 0.6638888888888889 0.07265625 0.14444444444444443
1 0.456640625 0.8444444444444444 0.10234375 0.19722222222222222
3 0.45625 0.9430555555555555 0.13125 0.11388888888888889
3 0.587890625 0.80625 0.07265625 0.18194444444444444
3 0.71015625 0.9048611111111111 0.225 0.19027777777777777
1 0.683984375 0.7451388888888889 0.10546875 0.19583333333333333
1 0.57890625 0.6756944444444445 0.0515625 0.09861111111111111
1 0.51640625 0.6833333333333333 0.0390625 0.06944444444444445
1 0.549609375 0.6611111111111111 0.03828125 0.07222222222222222
1 0.505859375 0.6576388888888889 0.02734375 0.06527777777777778
