2 0.49921875 0.69375 0.046875 0.1736111111111111
3 0.9078125 0.8597222222222223 0.184375 0.28055555555555556
1 0.95078125 0.5701388888888889 0.0984375 0.3125
1 0.5203125 0.5791666666666667 0.04375 0.09166666666666666
1 0.546484375 0.6444444444444445 0.03828125 0.075
3 0.546484375 0.7506944444444444 0.07421875 0.1625
1 0.4140625 0.6097222222222223 0.0375 0.07777777777777778
1 0.37890625 0.6083333333333333 0.04375 0.08611111111111111
1 0.337890625 0.6229166666666667 0.03984375 0.07083333333333333
1 0.336328125 0.5847222222222223 0.03359375 0.06111111111111111
1 0.2640625 0.6722222222222223 0.0859375 0.1388888888888889
1 0.224609375 0.6340277777777777 0.05390625 0.10416666666666667
3 0.27265625 0.8743055555555556 0.1453125 0.2513888888888889
3 0.125 0.9048611111111111 0.1859375 0.19027777777777777
1 0.142578125 0.6201388888888889 0.05546875 0.13194444444444445
1 0.132421875 0.7340277777777777 0.11640625 0.2152777777777778
