2 0.7246558197747184 0.37335834896810505 0.0425531914893617 0.0900562851782364
2 0.851063829787234 0.575046904315197 0.05506883604505632 0.17448405253283303
2 0.7934918648310388 0.5422138836772983 0.05506883604505632 0.1050656660412758
2 0.7440550688360451 0.5168855534709194 0.04881101376720901 0.10318949343339587
2 0.7672090112640801 0.6941838649155723 0.09762202753441802 0.2101313320825516
2 0.6533166458072591 0.6341463414634146 0.0951188986232791 0.20637898686679174
2 0.5538172715894869 0.5769230769230769 0.05381727158948686 0.15196998123827393
2 0.4668335419274093 0.8480300187617261 0.16020025031289112 0.30393996247654786
2 0.2828535669586984 0.7711069418386491 0.12265331664580725 0.28893058161350843
2 0.1132665832290363 0.6078799249530957 0.07884856070087609 0.15384615384615385
2 0.1927409261576971 0.5159474671669794 0.06508135168961202 0.1275797373358349
2 0.016270337922403004 0.6660412757973734 0.030037546933667083 0.1801125703564728
2 0.03379224030037547 0.5938086303939962 0.05006257822277847 0.12195121951219512
2 0.0688360450563204 0.4821763602251407 0.03754693366708386 0.0825515947467167
2 0.12703379224030037 0.4774859287054409 0.04130162703379224 0.07317073170731707
2 0.15018773466833543 0.44652908067542213 0.04005006257822278 0.06378986866791744
2 0.2528160200250313 0.5262664165103189 0.052565707133917394 0.11819887429643527
2 0.28911138923654567 0.47373358348968103 0.0425531914893617 0.09568480300187618
2 0.34668335419274093 0.6285178236397748 0.10012515644555695 0.21388367729831145
2 0.4449311639549437 0.525328330206379 0.06382978723404255 0.1350844277673546
2 0.38172715894868586 0.5206378986866792 0.04005006257822278 0.09568480300187618
2 0.4117647058823529 0.44934333958724204 0.030037546933667083 0.07317073170731707
2 0.5056320400500626 0.4624765478424015 0.05006257822277847 0.09568480300187618
2 0.4655819774718398 0.43621013133208253 0.03754693366708386 0.07317073170731707
2 0.5888610763454318 0.41838649155722324 0.03879849812265332 0.07129455909943715
2 0.6188986232790988 0.45778611632270166 0.03128911138923655 0.0675422138836773
2 0.646433041301627 0.43151969981238275 0.028785982478097622 0.04878048780487805
1 0.10638297872340426 0.7636022514071295 0.12015018773466833 0.17636022514071295
1 0.3016270337922403 0.5834896810506567 0.08010012515644556 0.11632270168855535
1 0.4655819774718398 0.625703564727955 0.08260325406758448 0.15196998123827393
1 0.09949937421777222 0.5075046904315197 0.056320400500625784 0.08442776735459662
1 0.026282853566958697 0.5075046904315197 0.03754693366708386 0.06941838649155722
1 0.015018773466833541 0.45872420262664165 0.02252816020025031 0.043151969981238276
1 0.07008760951188986 0.43808630393996245 0.025031289111389236 0.043151969981238276
1 0.09824780976220275 0.4343339587242026 0.02127659574468085 0.04690431519699812
1 0.18773466833541927 0.424953095684803 0.04505632040050062 0.06941838649155722
1 0.2503128911138924 0.4343339587242026 0.04505632040050062 0.07317073170731707
1 0.5500625782227785 0.48592870544090055 0.05381727158948686 0.07129455909943715
1 0.5043804755944932 0.41181988742964354 0.04005006257822278 0.06941838649155722
1 0.41051314142678347 0.40431519699812385 0.025031289111389236 0.04690431519699812
1 0.4643304130162703 0.3883677298311445 0.03254067584480601 0.04878048780487805
1 0.5319148936170213 0.38649155722326456 0.02753441802252816 0.0525328330206379
1 0.6551939924906133 0.49624765478424016 0.06382978723404255 0.09568480300187618
1 0.7603254067584481 0.5412757973733584 0.06382978723404255 0.10318949343339587
1 0.83729662077597 0.4634146341463415 0.060075093867334166 0.0975609756097561
1 0.7866082603254068 0.45684803001876173 0.04380475594493116 0.08442776735459662
1 0.7490613266583229 0.44934333958724204 0.04881101376720901 0.06191369606003752
1 0.7584480600750939 0.2861163227016886 0.03754693366708386 0.06566604127579738
1 0.72090112640801 0.31613508442776733 0.0425531914893617 0.06191369606003752
