2 0.786875 0.5890346766635426 0.0975 0.25023430178069356
2 0.37 0.8992502343017807 0.13375 0.2014995313964386
2 0.8753125 0.5946579194001874 0.045625 0.1302717900656045
2 0.910625 0.5370196813495782 0.03875 0.09934395501405811
2 0.32125 0.6504217432052484 0.07125 0.1330834114339269
2 0.4025 0.5506091846298032 0.05625 0.1134020618556701
2 0.51625 0.5520149953139644 0.06 0.13683223992502344
2 0.5790625 0.5032802249297095 0.046875 0.09746954076850985
2 0.335625 0.5234301780693533 0.055 0.09840674789128398
2 0.0671875 0.711808809746954 0.068125 0.13776944704779756
2 0.0315625 0.8031865042174321 0.061875 0.13683223992502344
2 0.014375 0.6143392689784443 0.0275 0.1190253045923149
2 0.06125 0.5749765698219307 0.05 0.09653233364573571
2 0.110625 0.5731021555763823 0.055 0.10590440487347703
2 0.179375 0.5585754451733833 0.0625 0.11808809746954077
2 0.2078125 0.4732895970009372 0.039375 0.08059981255857544
2 0.246875 0.5276476101218369 0.0525 0.10121836925960637
2 0.2821875 0.47563261480787256 0.038125 0.07403936269915651
2 0.268125 0.4536082474226804 0.03375 0.07310215557638237
2 0.4078125 0.47282099343955014 0.043125 0.06466729147141519
2 0.428125 0.4554826616682287 0.04 0.08434864104967198
2 0.490625 0.45454545454545453 0.0425 0.08622305529522024
2 0.3240625 0.45407685098406747 0.041875 0.05716963448922212
2 0.3821875 0.43486410496719774 0.036875 0.06373008434864105
2 0.5334375 0.4386129334582943 0.049375 0.08997188378631678
1 0.6665625 0.38191190253045926 0.121875 0.16213683223992503
1 0.789375 0.43673851921274603 0.08625 0.13683223992502344
1 0.361875 0.7811621368322399 0.0875 0.10402999062792877
1 0.32 0.5773195876288659 0.05625 0.08809746954076851
1 0.1128125 0.7952202436738519 0.073125 0.1021555763823805
1 0.0515625 0.6255857544517338 0.041875 0.07216494845360824
1 0.1015625 0.5154639175257731 0.035625 0.05810684161199625
1 0.1734375 0.4915651358950328 0.045625 0.06841611996251172
1 0.2159375 0.43580131208997186 0.034375 0.05435801312089972
1 0.2359375 0.4723523898781631 0.033125 0.06373008434864105
1 0.32625 0.46672914714151825 0.02875 0.05998125585754452
1 0.425625 0.5112464854732895 0.0375 0.06091846298031865
1 0.5046875 0.471883786316776 0.044375 0.08716026241799438
1 0.4215625 0.408622305529522 0.020625 0.04873477038425492
1 0.38 0.3931583880037488 0.025 0.04967197750702906
1 0.3259375 0.3889409559512652 0.025625 0.033739456419868794
1 0.34625 0.3781630740393627 0.0225 0.03655107778819119
1 0.4096875 0.3776944704779756 0.024375 0.041237113402061855
1 0.4409375 0.34536082474226804 0.021875 0.03467666354264293
1 0.436875 0.380506091846298 0.02625 0.04311152764761012
1 0.490625 0.4133083411433927 0.03625 0.05248359887535145
1 0.528125 0.3828491096532334 0.025 0.04592314901593252
1 0.5446875 0.34723523898781633 0.023125 0.03280224929709466
1 0.551875 0.3261480787253983 0.02125 0.02999062792877226
1 0.5809375 0.4442361761949391 0.029375 0.04873477038425492
1 0.5909375 0.3898781630740394 0.021875 0.05248359887535145
1 0.6028125 0.36597938144329895 0.023125 0.03467666354264293
1 0.6190625 0.338331771321462 0.020625 0.033739456419868794
1 0.8225 0.43908153701968133 0.0375 0.05716963448922212
1 0.9153125 0.47985004686035615 0.033125 0.06373008434864105
1 0.8884375 0.5290534208059982 0.036875 0.05154639175257732
1 0.93875 0.5552952202436738 0.04875 0.07778819119025304
