2 0.26875 0.6131944444444445 0.1375 0.21805555555555556
2 0.444921875 0.6097222222222223 0.12421875 0.225
1 0.258984375 0.4777777777777778 0.09140625 0.16666666666666666
1 0.439453125 0.44513888888888886 0.08203125 0.1736111111111111
1 0.61640625 0.8465277777777778 0.096875 0.1625
1 0.6796875 0.9152777777777777 0.09375 0.14444444444444443
1 0.591015625 0.5902777777777778 0.05859375 0.14444444444444443
1 0.646875 0.5854166666666667 0.0765625 0.17083333333333334
1 0.734375 0.5784722222222223 0.0890625 0.17083333333333334
1 0.64453125 0.33819444444444446 0.0671875 0.13472222222222222
1 0.7265625 0.34930555555555554 0.065625 0.11805555555555555
1 0.57109375 0.23680555555555555 0.0609375 0.10972222222222222
1 0.659765625 0.2263888888888889 0.06015625 0.1111111111111111
1 0.46640625 0.075 0.0546875 0.12222222222222222
1 0.624609375 0.0875 0.05703125 0.13055555555555556
3 0.5609375 0.10347222222222222 0.078125 0.11527777777777778
3 0.53046875 0.8986111111111111 0.109375 0.2
3 0.762890625 0.6784722222222223 0.12265625 0.16527777777777777
