0 0.2546875 0.3376953125 0.09791666666666667 0.059765625
0 0.48098958333333336 0.38984375 0.0859375 0.07734375
0 0.7901041666666667 0.369140625 0.08958333333333333 0.07734375
2 0.23229166666666667 0.4580078125 0.178125 0.176953125
2 0.48541666666666666 0.5076171875 0.140625 0.169140625
2 0.7921875 0.4802734375 0.16354166666666667 0.160546875
0 0.62421875 0.4025390625 0.0296875 0.023828125
0 0.66171875 0.413671875 0.0234375 0.01875
0 0.5174479166666667 0.41171875 0.0265625 0.01640625
0 0.540625 0.4095703125 0.021875 0.021484375
0 0.5596354166666667 0.412109375 0.025520833333333333 0.015625
2 0.6236979166666666 0.433984375 0.04739583333333333 0.0421875
2 0.6638020833333333 0.443359375 0.03697916666666667 0.0390625
2 0.559375 0.4357421875 0.01875 0.028515625
