0 0.13944545638534708 0.3075288403157256 0.13155231734466707 0.2246508803885853
0 0.3225055656749646 0.2738312082574378 0.10544424205626392 0.2222222222222222
0 0.4872495446265938 0.2715543412264724 0.07225258044930176 0.15270188221007894
0 0.5533292855697227 0.2847601700060716 0.061526006881198136 0.0965391621129326
0 0.6356000809552722 0.23679417122040072 0.10342036025096134 0.1997571341833637
0 0.7022869864399919 0.2528840315725562 0.07650273224043716 0.16514875531268974
0 0.7721109087229305 0.2726168791742562 0.0692167577413479 0.14814814814814814
2 0.12426634284557782 0.6061020036429873 0.20967415502934628 0.44899817850637525
2 0.3281724347298118 0.5531268973891925 0.19530459421169805 0.42501517911353975
2 0.4911961141469338 0.45491803278688525 0.12224246104027525 0.2698846387370977
2 0.6155636510827768 0.5368852459016393 0.1568508399109492 0.4034608378870674
2 0.7044120623355596 0.41924711596842745 0.0904675166970249 0.22890103217972071
2 0.7644201578627808 0.41909532483302975 0.1177899210686096 0.18973891924711597
3 0.8578223031774944 0.6173345476624165 0.22687715037441814 0.5321797207043109
1 0.8593402145314714 0.24620522161505767 0.12507589556769885 0.2750455373406193
