2 0.4198174706649283 0.49608865710560623 0.15645371577574968 0.20730117340286833
2 0.14146023468057367 0.5032594524119948 0.19426336375488917 0.21903520208604954
2 0.5449804432855281 0.4602346805736636 0.16688396349413298 0.21903520208604954
2 0.6844850065189049 0.5130378096479792 0.19556714471968709 0.24641460234680573
2 0.8833116036505867 0.5182529335071708 0.21773142112125163 0.28552803129074317
1 0.1395045632333768 0.3494132985658409 0.10951760104302477 0.1121251629726206
1 0.29595827900912647 0.3663624511082138 0.10951760104302477 0.1121251629726206
1 0.5501955671447197 0.32073011734028684 0.1016949152542373 0.1016949152542373
1 0.4198174706649283 0.3604954367666232 0.09126466753585398 0.10299869621903521
1 0.6694915254237288 0.35071707953063885 0.10039113428943937 0.0938722294654498
1 0.81877444589309 0.36114732724902215 0.12255541069100391 0.1303780964797914
3 0.2953063885267275 0.5058670143415906 0.13428943937418514 0.25554106910039115
