0 0.1245 0.46551724137931033 0.059 0.10044977511244378
0 0.228 0.45577211394302847 0.052 0.09895052473763119
0 0.3365 0.48125937031484256 0.053 0.09295352323838081
0 0.4335 0.4827586206896552 0.051 0.10494752623688156
0 0.506 0.47226386806596704 0.052 0.09295352323838081
0 0.601 0.48125937031484256 0.052 0.10194902548725637
0 0.6875 0.46401799100449775 0.055 0.09145427286356822
0 0.788 0.46551724137931033 0.056 0.0944527736131934
2 0.1235 0.6289355322338831 0.107 0.2863568215892054
2 0.2255 0.6169415292353823 0.105 0.27436281859070466
2 0.331 0.6319340329835083 0.112 0.25337331334332835
2 0.4255 0.623688155922039 0.107 0.22788605697151423
2 0.515 0.5982008995502249 0.08 0.19490254872563717
2 0.6065 0.6356821589205397 0.101 0.2608695652173913
2 0.6975 0.6221889055472264 0.095 0.2638680659670165
2 0.7985 0.6169415292353823 0.113 0.2623688155922039
