0 0.10581140350877193 0.3207236842105263 0.13194444444444445 0.2576754385964912
0 0.31779970760233917 0.37225877192982454 0.1421783625730994 0.2774122807017544
0 0.23538011695906433 0.33168859649122806 0.08260233918128655 0.15021929824561403
0 0.5005482456140351 0.31853070175438597 0.16557017543859648 0.3190789473684211
0 0.7417763157894737 0.3843201754385965 0.10855263157894737 0.18969298245614036
0 0.8923611111111112 0.3432017543859649 0.12828947368421054 0.24342105263157895
3 0.11321271929824561 0.688733552631579 0.22605994152046785 0.6225328947368421
3 0.26288377192982454 0.7290296052631579 0.2235014619883041 0.5419407894736842
3 0.4956140350877193 0.7177905701754386 0.39035087719298245 0.5644188596491229
3 0.8856907894736842 0.6975054824561403 0.22861842105263158 0.5046600877192983
