0 0.332328216374269 0.6588541666666666 0.023940058479532164 0.02987938596491228
2 0.3376279239766082 0.7264254385964912 0.04294590643274854 0.09978070175438597
0 0.44051535087719296 0.6410361842105263 0.02722953216374269 0.028782894736842105
2 0.43430190058479534 0.700109649122807 0.03673245614035088 0.08278508771929824
0 0.4975328947368421 0.6363760964912281 0.03125 0.033717105263157895
2 0.49744152046783624 0.6892817982456141 0.043859649122807015 0.07538377192982457
2 0.5580226608187134 0.6714638157894737 0.03782894736842105 0.08854166666666667
0 0.5580226608187134 0.6130756578947368 0.030153508771929825 0.03755482456140351
2 0.6187865497076024 0.6500822368421053 0.035818713450292396 0.08580043859649122
0 0.612390350877193 0.5878563596491229 0.028143274853801168 0.03042763157894737
0 0.6716008771929824 0.5711348684210527 0.02448830409356725 0.032072368421052634
2 0.6716008771929824 0.6336348684210527 0.04312865497076023 0.07867324561403509
2 0.719389619883041 0.6092379385964912 0.0491593567251462 0.07044956140350878
0 0.7195723684210527 0.5507127192982456 0.028691520467836257 0.029605263157894735
