0 0.30083333333333334 0.2691740412979351 0.1 0.252212389380531
0 0.3904166666666667 0.31710914454277284 0.0825 0.22123893805309736
0 0.5045833333333334 0.33702064896755163 0.10416666666666667 0.2168141592920354
0 0.6175 0.3141592920353982 0.08833333333333333 0.18584070796460178
0 0.745 0.4026548672566372 0.09666666666666666 0.2182890855457227
2 0.2375 0.5648967551622419 0.17166666666666666 0.4306784660766962
2 0.3695833333333333 0.5899705014749262 0.12916666666666668 0.40117994100294985
2 0.5008333333333334 0.6275811209439528 0.145 0.4498525073746313
2 0.6341666666666667 0.5929203539823009 0.135 0.39823008849557523
2 0.7545833333333334 0.6873156342182891 0.1325 0.39823008849557523
