2 0.6640625 0.45902777777777776 0.146875 0.3347222222222222
2 0.831640625 0.45694444444444443 0.10859375 0.26944444444444443
3 0.523046875 0.8486111111111111 0.12265625 0.18333333333333332
1 0.58671875 0.7465277777777778 0.0875 0.14305555555555555
3 0.450390625 0.7569444444444444 0.08359375 0.14444444444444443
1 0.4734375 0.6638888888888889 0.053125 0.09166666666666666
1 0.481640625 0.5458333333333333 0.03671875 0.058333333333333334
3 0.4734375 0.6055555555555555 0.05 0.07777777777777778
1 0.455859375 0.5048611111111111 0.04765625 0.06805555555555555
3 0.4578125 0.5722222222222222 0.0421875 0.07777777777777778
3 0.21015625 0.8513888888888889 0.0703125 0.06666666666666667
1 0.26484375 0.8166666666666667 0.0578125 0.08611111111111111
1 0.052734375 0.6819444444444445 0.05390625 0.08611111111111111
1 0.70546875 0.27291666666666664 0.06875 0.15694444444444444
1 0.841015625 0.27152777777777776 0.07421875 0.16527777777777777
