2 0.38770821367030445 0.7468454258675079 0.049971280873061456 0.11041009463722397
0 0.5854394026421597 0.9479495268138801 0.028431935669155656 0.032334384858044164
0 0.6964388282596209 0.7196372239747634 0.03159103963239517 0.03706624605678233
0 0.8831131533601378 0.6780362776025236 0.030442274554853533 0.03509463722397476
0 0.6097070649052269 0.638801261829653 0.032165422171166 0.04258675078864353
0 0.5435094773118897 0.4260646687697161 0.03475014359563469 0.044558359621451105
0 0.633543940264216 0.5207018927444795 0.026995979322228605 0.039826498422712936
0 0.6229178632969558 0.1815851735015773 0.02469844916714532 0.04061514195583596
2 0.6835152211372775 0.7825315457413249 0.05973578403216542 0.11001577287066246
2 0.6279437105112005 0.7034700315457413 0.04451464675473866 0.0859621451104101
2 0.6348363009764503 0.582018927444795 0.046812176909821944 0.08517350157728706
2 0.6203331418724871 0.24053627760252366 0.043653072946582425 0.09384858044164038
2 0.5552843193566915 0.4747634069400631 0.04106835152211373 0.08123028391167192
3 0.8970419299253303 0.7306782334384858 0.05025847214244687 0.08990536277602523
3 0.5614589316484779 0.055993690851735015 0.05456634118322803 0.09858044164037855
