0 0.083984375 0.38644688644688646 0.115234375 0.2043956043956044
0 0.3203125 0.2868131868131868 0.1015625 0.18681318681318682
0 0.48876953125 0.35604395604395606 0.0966796875 0.18461538461538463
0 0.605712890625 0.2315018315018315 0.12158203125 0.2358974358974359
0 0.78076171875 0.18168498168498168 0.1357421875 0.2564102564102564
2 0.092041015625 0.6637362637362637 0.18310546875 0.4468864468864469
2 0.34814453125 0.5556776556776557 0.154296875 0.4139194139194139
2 0.492919921875 0.6362637362637362 0.16552734375 0.3963369963369963
2 0.663330078125 0.5391941391941392 0.19091796875 0.5216117216117216
2 0.85791015625 0.5673992673992674 0.23828125 0.6249084249084249
