0 0.1484375 0.1252927400468384 0.08125 0.17096018735362997
0 0.33984375 0.16276346604215455 0.0859375 0.16627634660421545
0 0.5265625 0.1451990632318501 0.084375 0.16393442622950818
0 0.73828125 0.12646370023419204 0.0765625 0.16393442622950818
0 0.8140625 0.1885245901639344 0.084375 0.16627634660421545
2 0.12578125 0.3477751756440281 0.1671875 0.3395784543325527
2 0.33046875 0.3747072599531616 0.1453125 0.32786885245901637
2 0.52109375 0.3805620608899297 0.1703125 0.3442622950819672
2 0.72890625 0.35362997658079626 0.1546875 0.34192037470725994
2 0.8765625 0.40398126463700235 0.178125 0.36768149882903983
