0 0.1579787234042553 0.21085409252669038 0.08191489361702127 0.20462633451957296
0 0.33617021276595743 0.27669039145907476 0.09361702127659574 0.18683274021352314
0 0.4909574468085106 0.26423487544483987 0.09042553191489362 0.1903914590747331
0 0.6430851063829788 0.2615658362989324 0.09042553191489362 0.20284697508896798
0 0.8021276595744681 0.2722419928825623 0.09148936170212765 0.2099644128113879
2 0.15106382978723404 0.5373665480427047 0.19787234042553192 0.501779359430605
2 0.326063829787234 0.5702846975088968 0.16489361702127658 0.4288256227758007
2 0.48936170212765956 0.5480427046263345 0.1574468085106383 0.4092526690391459
2 0.825 0.5480427046263345 0.15638297872340426 0.40213523131672596
2 0.6558510638297872 0.505338078291815 0.14148936170212767 0.33451957295373663
