2 0.319921875 0.2326388888888889 0.14921875 0.30416666666666664
0 0.328125 0.027083333333333334 0.0734375 0.05138888888888889
2 0.765625 0.3194444444444444 0.05625 0.1388888888888889
2 0.401953125 0.3715277777777778 0.07734375 0.07083333333333333
0 0.456640625 0.35833333333333334 0.02890625 0.06388888888888888
0 0.537109375 0.25625 0.02578125 0.034722222222222224
0 0.669921875 0.30416666666666664 0.01640625 0.03333333333333333
0 0.77109375 0.22361111111111112 0.0359375 0.041666666666666664
0 0.827734375 0.22708333333333333 0.03671875 0.05138888888888889
0 0.951953125 0.25277777777777777 0.03203125 0.044444444444444446
0 0.9828125 0.26180555555555557 0.0296875 0.0375
3 0.536328125 0.34791666666666665 0.06015625 0.12916666666666668
3 0.6703125 0.3638888888888889 0.0421875 0.08055555555555556
3 0.823828125 0.325 0.06015625 0.12222222222222222
3 0.96328125 0.33958333333333335 0.053125 0.12361111111111112
